0.000000000000000000e+00 -4.605170185988090914e+00 -3.799265403440175159e+00 -2.993360620892259405e+00 -2.187455838344343650e+00 -1.381551055796427674e+00 -5.756462732485114753e-01 2.302585092994037519e-01 1.036163291847319812e+00 1.842068074395236232e+00 2.647972856943152209e+00 3.453877639491068408e+00 4.259782422038983718e+00 5.065687204586899028e+00 5.871591987134816115e+00 6.677496769682731426e+00 7.483401552230648512e+00 8.289306334778563823e+00 9.095211117326478245e+00 9.901115899874396220e+00 1.070702068242231064e+01 1.151292546497022862e+01
-1.053605156578262814e-01 -1.050996706748422681e-02 -1.048203921191450012e-02 -1.041983167784194669e-02 -1.028214218339400590e-02 -9.981733654577096965e-03 -9.347553093543988292e-03 -8.106018169270562401e-03 -6.039828199318848442e-03 -3.493677926642585734e-03 -1.462674819842305985e-03 -4.534007049151814184e-04 -1.139626248747201685e-04 -2.542837754899408698e-05 -5.343847877548095868e-06 -1.091688917610215021e-06 -2.201464326375552906e-07 -4.413462837273910996e-08 -8.824794819239081570e-09 -1.762455493378244811e-09 -3.518057556279953239e-10 -7.020782047792311926e-11
1.270052039547348299e-01 -1.013358264576801407e-02 -1.011246011676319827e-02 -1.006528657449729316e-02 -9.960268520748169832e-03 -9.728312194819097730e-03 -9.226404528682775191e-03 -8.198477917122999961e-03 -6.363207962303771455e-03 -3.888713264085561384e-03 -1.721651796775879473e-03 -5.569031717163971549e-04 -1.436270915842189266e-04 -3.247983529932876791e-05 -6.869853812705839994e-06 -1.407619584912071499e-06 -2.842395577912651357e-07 -5.701854284566625512e-08 -1.140405869960722777e-08 -2.277853826339882797e-09 -4.547097445636677336e-10 -9.074597463919227578e-11
3.593709235672958857e-01 -9.271292846186187514e-03 -9.257892475951406963e-03 -9.227826400518250247e-03 -9.160220472710426526e-03 -9.007735111655134144e-03 -8.664140855367121613e-03 -7.910231321210738770e-03 -6.425583284080028067e-03 -4.179333383951780445e-03 -1.975017975173806208e-03 -6.724733823697252215e-04 -1.790297797999037773e-04 -4.117130402345078573e-05 -8.779291279593049458e-06 -1.805653738059284927e-06 -3.652392742163157708e-07 -7.332360906758334249e-08 -1.467023961478558738e-08 -2.930695782093580938e-09 -5.850717830606053818e-10 -1.167658023372402379e-10
5.917366431798568582e-01 -7.990623876309622606e-03 -7.984879549590585129e-03 -7.971815890303129981e-03 -7.941592873752975276e-03 -7.869489342699660661e-03 -7.690259319937474587e-03 -7.236813392011454474e-03 -6.183770324411560007e-03 -4.312925442835922017e-03 -2.196921657057163569e-03 -7.951592498258299802e-04 -2.200941887414484114e-04 -5.168642540894558457e-05 -1.113500487183331493e-05 -2.301112044192139623e-06 -4.664706076106870900e-07 -9.373801243635040503e-08 -1.876288991495639192e-08 -3.749026876671353236e-09 -7.485056718501810132e-10 -1.493890091990644302e-10
8.241023627924181083e-01 -6.423318700594373223e-03 -6.424247168314749408e-03 -6.426037344724585577e-03 -6.428641661601741837e-03 -6.427931461817385124e-03 -6.398320967345299225e-03 -6.232833490937115736e-03 -5.636463601844242388e-03 -4.248584859044093366e-03 -2.356308906705427419e-03 -9.163642712708555205e-04 -2.659464625793097410e-04 -6.410256979734364356e-05 -1.398894763574517227e-05 -2.908399504723343556e-06 -5.912040453904824093e-07 -1.189511697805219037e-07 -2.382291573139775995e-08 -4.761262663306783142e-09 -9.507079963920580960e-10 -1.897546183464936615e-10
1.056468082404979025e+00 -4.739888212143892124e-03 -4.745873569687647162e-03 -4.758949701006859496e-03 -4.786645901725963825e-03 -4.841197019970523707e-03 -4.930513029213721803e-03 -5.006226510595919617e-03 -4.831340421446732487e-03 -3.970206289102376149e-03 -2.421957356648565905e-03 -1.023682070943970901e-03 -3.145343443659787607e-04 -7.829822300935161455e-05 -1.736566775847802957e-05 -3.638122357263906293e-06 -7.421291695592334843e-07 -1.495536243469607917e-07 -2.997306659027980510e-08 -5.992338181798630383e-09 -1.196693649465131011e-09 -2.388667781260762446e-10
1.288833802017540053e+00 -3.115672375161962146e-03 -3.124845121548997656e-03 -3.145061960189255573e-03 -3.188763436100903927e-03 -3.279195611236730874e-03 -3.448497067450509608e-03 -3.697371114603421449e-03 -3.859677230200328577e-03 -3.496193851264159293e-03 -2.370131532418669629e-03 -1.101727910938367534e-03 -3.623124564237107260e-04 -9.383725828281823161e-05 -2.123807246588031071e-05 -4.492550552626242978e-06 -9.205003466078897134e-07 -1.858722605159435989e-07 -3.728560512368163037e-08 -7.457307803705870773e-09 -1.489523406300573193e-09 -2.973412901761711036e-10
1.521199521630101303e+00 -1.699445507132038569e-03 -1.710040060996981899e-03 -1.733468674957977041e-03 -1.784499998730975680e-03 -1.891981948156996321e-03 -2.102079402906521267e-03 -2.450157554583080963e-03 -2.838557591079932194e-03 -2.879905977076515061e-03 -2.192961504372086413e-03 -1.134294885143171750e-03 -4.040354478953421427e-04 -1.098334024181747687e-04 -2.549570336808579940e-05 -5.459349309110806746e-06 -1.124920039708599150e-06 -2.277319412600144599e-07 -4.573520768580818195e-08 -9.151991842923462955e-09 -1.828441755991137329e-09 -3.650344276110953761e-10
1.753565241242662331e+00 -5.922480942053366454e-04 -6.028400823339162638e-04 -6.263050854671484017e-04 -6.776197363692298796e-04 -7.866857943298169497e-04 -1.004478055142926521e-03 -1.385179368073653858e-03 -1.885997392540427614e-03 -2.200774253553667605e-03 -1.904615026057555546e-03 -1.108252225194349388e-03 -4.330005176184966841e-04 -1.248103307972752796e-04 -2.990027525208895567e-05 -6.501937720612786820e-06 -1.349402468153253888e-06 -2.740712214200048873e-07 -5.512259712524283810e-08 -1.103777113659228072e-08 -2.205846031282158988e-09 -4.404384714532423294e-10
1.985930960855223582e+00 1.595109740857090076e-04 1.498953775322502135e-04 1.285729751015635689e-04 8.185424030093121851e-05 -1.792205893423765310e-05 -2.195278523102178324e-04 -5.822679990400272737e-04 -1.098449294949712914e-03 -1.547184912276254164e-03 -1.541338537732651979e-03 -1.018164445447180015e-03 -4.418448572799658675e-04 -1.366254411101331214e-04 -3.403722067176720190e-05 -7.547272981848836986e-06 -1.580769109907050774e-06 -3.224109357190722524e-07 -6.496766819151196879e-08 -1.302019806324706546e-08 -2.603013345253478333e-09 -5.198286533961463799e-10
2.218296680467784388e+00 5.594361700243115397e-04 5.513412765685185265e-04 5.333831824105597598e-04 4.939926793407881144e-04 4.096801378086401988e-04 2.383674482071153735e-04 -7.408182775693913479e-05 -5.363310486821943690e-04 -9.976993140547486816e-04 -1.155353386052350917e-03 -8.700649925513572218e-04 -4.240440530790642502e-04 -1.425038378873885823e-04 -3.726476719902269575e-05 -8.469775514552144041e-06 -1.794966553711973413e-06 -3.680819389819966759e-07 -7.435224671578741091e-08 -1.491734701601867212e-08 -2.983761476129396113e-09 -5.959962023667007736e-10
2.450662400080346082e+00 6.484768353181789282e-04 6.420866668965763109e-04 6.279101629229545027e-04 5.968042214441922344e-04 5.302078459776163972e-04 3.949594263867713877e-04 1.480710058584802310e-04 -2.203511990055816042e-04 -6.068160404362383815e-04 -8.037910754490016360e-04 -6.826584698921088880e-04 -3.760319309141833366e-04 -1.392554621313945879e-04 -3.867115722218159290e-05 -9.069371564503124565e-06 -1.951636023236019799e-06 -4.030505169940214515e-07 -8.167774639352527729e-08 -1.641076274354070226e-08 -3.284600015208289636e-09 -6.562777437581212971e-10
2.683028119692906444e+00 4.900582801320214508e-04 4.853043679471413297e-04 4.747660337680802926e-04 4.516878535093737327e-04 4.024416119557267793e-04 3.029859506319715519e-04 1.238728537171668071e-04 -1.364618968710207486e-04 -3.998710226993185471e-04 -5.358233340067833275e-04 -4.852075382338362215e-04 -2.993997392588141010e-04 -1.238378742491879226e-04 -3.706892588790260053e-05 -9.059428748588181079e-06 -1.989518444857318638e-06 -4.147929738741948672e-07 -8.442185551998981057e-08 -1.699522846998740851e-08 -3.404557470519405502e-09 -6.805121417436481137e-10
2.915393839305467694e+00 1.556025972878554244e-04 1.522896373042395514e-04 1.449508068714286391e-04 1.289242842637758899e-04 9.499392490873514799e-05 2.752510927325874080e-05 -8.984581764222006155e-05 -2.459581973268514248e-04 -3.687843139734093222e-04 -3.831499621046337550e-04 -3.114608220238899864e-04 -2.023268594559090433e-04 -9.421423064270792469e-05 -3.106455963126861919e-05 -8.038058693113583032e-06 -1.816645617845393608e-06 -3.839285191241744463e-07 -7.862790461079123986e-08 -1.587340877694270823e-08 -3.183847232733322575e-09 -6.367558300840027925e-10
3.147759558918028944e+00 -2.851500730943204377e-04 -2.872900635035593943e-04 -2.920168298198170045e-04 -3.050409676595513576e-04 -3.263945193436995889e-04 -3.649584681021357459e-04 -4.308808227454048669e-04 -4.973404871515556182e-04 -4.890854344676358019e-04 -3.561373889780287375e-04 -1.920642183078628449e-04 -9.940376512978369209e-05 -5.038582274685861079e-05 -1.923066979060687566e-05 -5.477110328619350305e-06 -1.301160434726039345e-06 -2.816025657321756178e-07 -5.830575295383474243e-08 -1.182912601533386395e-08 -2.377932150191267464e-09 -4.760496040281268075e-10
3.380125278530590194e+00 -7.742766889455639668e-04 -7.755044628313236075e-04 -7.782009326760067893e-04 -7.839827585352858149e-04 -7.957096445988866588e-04 -8.165652794982611231e-04 -8.403331424367642801e-04 -8.366132617615246138e-04 -7.200952533722621051e-04 -4.450501674057348394e-04 -1.477371877528176319e-04 -9.243857152876270959e-06 4.613225663498647198e-06 -4.236176295967851158e-07 -7.495029482140888295e-07 -2.655238669797605280e-07 -6.694262267685891741e-08 -1.478191275303336802e-08 -3.084332387495810717e-09 -6.277638293977118174e-10 -1.263702645832425646e-10
3.612490998143151444e+00 -1.257220987419352095e-03 -1.257790801916656076e-03 -1.259023417355214797e-03 -1.260819928642691870e-03 -1.265591132553159576e-03 -1.271945172153281451e-03 -1.268223874931975791e-03 -1.215436973568772552e-03 -1.019582107172022556e-03 -6.267067428747304667e-04 -1.855596419752509165e-04 4.931165799882690948e-05 6.417828788986272733e-05 2.577382026673567784e-05 6.836852991665544250e-06 1.522534494699414810e-06 3.171503581456815467e-07 6.440053836347986398e-08 1.294573336038491092e-08 2.591413249832111339e-09 5.177965262942101358e-10
3.844856717755712250e+00 -1.701407881503913099e-03 -1.701529931449048553e-03 -1.701767430088803627e-03 -1.702110022100562217e-03 -1.701157862732907916e-03 -1.697451128497944051e-03 -1.677134200714825449e-03 -1.590567425934355907e-03 -1.343201327715540499e-03 -8.681112343150539827e-04 -2.997592236786972286e-04 6.168337434603580365e-05 1.187427312005066735e-04 5.853060782644176345e-05 1.793536626557406659e-05 4.352436731401700693e-06 9.484711371400447390e-07 1.968402607893428811e-07 3.997036960127613315e-08 8.037875936796170739e-09 1.609388373849642260e-09
4.077222437368273056e+00 -2.086260182358932579e-03 -2.086086324579059827e-03 -2.085668923675380697e-03 -2.084581476583732829e-03 -2.080253459588342867e-03 -2.069904770274018629e-03 -2.038513411173508913e-03 -1.933907130258659878e-03 -1.659701719953839355e-03 -1.137523080931579673e-03 -4.727082804237931423e-04 2.083484453421292540e-05 1.573081362756596400e-04 9.530272902691844022e-05 3.296787777709838041e-05 8.557488145619184791e-06 1.928789017229428121e-06 4.067144431093433678e-07 8.319228011830680368e-08 1.678489675495268148e-08 3.365747265842135625e-09
4.309588156980834306e+00 -2.393978114905387887e-03 -2.393631937517046865e-03 -2.392833815801161893e-03 -2.390935427605747968e-03 -2.386150945496766460e-03 -2.373058317511906462e-03 -2.334573878266127736e-03 -2.223133823654091078e-03 -1.944179339527125037e-03 -1.405207709786557768e-03 -6.820106532564738011e-04 -7.191378575668304102e-05 1.697292747833494767e-04 1.316885684407433186e-04 5.191289315925161628e-05 1.448724318982972790e-05 3.387047196596281580e-06 7.267305147275513350e-07 1.498421529082955265e-07 3.034152959886396694e-08 6.094028787091067261e-09
4.541953876593395556e+00 -2.624548856219949960e-03 -2.624114304160185193e-03 -2.623122330227281584e-03 -2.620807806018574104e-03 -2.615185393833797077e-03 -2.600651823875304181e-03 -2.560583295300341861e-03 -2.449912516608567827e-03 -2.178030379172596603e-03 -1.649930704383943941e-03 -9.050888778067032667e-04 -2.065099939406715593e-04 1.491517122735501271e-04 1.618067431253880097e-04 7.398214277672869685e-05 2.244912715542368700e-05 5.478815605982613831e-06 1.200072992237259884e-06 2.498130098805305538e-07 5.080430047271421104e-08 1.022384327673776950e-08
4.774319596205955918e+00 -2.777976587185751120e-03 -2.777513377494303728e-03 -2.776460349913629881e-03 -2.774024752681587564e-03 -2.768038796328531337e-03 -2.753366543209412060e-03 -2.714350638279546760e-03 -2.609541830644261217e-03 -2.355003788410595968e-03 -1.855121414112386466e-03 -1.120982309634266112e-03 -3.689201860510629141e-04 9.358052614255753634e-05 1.792355953454698365e-04 9.755280288379885039e-05 3.261777773747211721e-05 8.380178750258123160e-06 1.882309254820203250e-06 3.964541000589790395e-07 8.105878425093823092e-08 1.635160343159168766e-08
5.006685315818517168e+00 -2.860027704581803720e-03 -2.859571826711242420e-03 -2.858537968699525079e-03 -2.856158125314276451e-03 -2.850522103863255968e-03 -2.836547043026021574e-03 -2.800138408390194684e-03 -2.704060964733056779e-03 -2.472244755325226154e-03 -2.012031969367106179e-03 -1.312840238457033864e-03 -5.427690637005208986e-04 6.474841395115772205e-06 1.783728234916849098e-04 1.199097165684636165e-04 4.490899451494451545e-05 1.227140218130984647e-05 2.842512918476163758e-06 6.074550281571613828e-07 1.250295504655101543e-07 2.529761298778345060e-08
5.239051035431078418e+00 -2.878073822305987281e-03 -2.877648133653244299e-03 -2.876684225095918045e-03 -2.874473073217843899e-03 -2.869271334977148945e-03 -2.856508975235551827e-03 -2.823627685844290643e-03 -2.737917878141820846e-03 -2.531312608927978325e-03 -2.117507972870391695e-03 -1.470005867145571200e-03 -7.127081208126468271e-04 -1.040722761046897459e-04 1.558143331805209833e-04 1.375799499972838065e-04 5.884118613256937396e-05 1.730717438266729817e-05 4.162944775170643988e-06 9.058304086717782867e-07 1.880010695508640682e-07 3.818263632239442621e-08
5.471416755043638780e+00 -2.842321747202503079e-03 -2.841938039067444174e-03 -2.841070733358564641e-03 -2.839084824517969056e-03 -2.834427089959849939e-03 -2.822913096702269701e-03 -2.793927627154752479e-03 -2.718979063837179307e-03 -2.538438390617458150e-03 -2.173040257001530515e-03 -1.586684060732122988e-03 -8.660655022822093783e-04 -2.280124274292893213e-04 1.111418801262243678e-04 1.468368771162520132e-04 7.341914374794003399e-05 2.356966660843652503e-05 5.935940963863292419e-06 1.320836575869774224e-06 2.770021376672780257e-07 5.652576751175314105e-08
5.703782474656200918e+00 -2.762858986018014613e-03 -2.762524765303792269e-03 -2.761769084568996193e-03 -2.760039481801008967e-03 -2.755988376644672930e-03 -2.746148078059085142e-03 -2.720872990232216584e-03 -2.656129531949177110e-03 -2.500405790614660360e-03 -2.182386007061408451e-03 -1.661424576809034884e-03 -9.939138865831861208e-04 -3.539937748429083518e-04 4.720912688418878558e-05 1.445009968579771755e-04 8.710120686891367368e-05 3.100393672588056600e-05 8.255730615924188534e-06 1.888547604340593322e-06 4.012472929570032282e-07 8.236845553293968003e-08
5.936148194268761280e+00 -2.649156348683454239e-03 -2.648865615754115044e-03 -2.648208502079094431e-03 -2.646708915009393561e-03 -2.643219790889429072e-03 -2.634745294421715275e-03 -2.613398260553014777e-03 -2.558156402503472190e-03 -2.425306090570474200e-03 -2.151972183173348277e-03 -1.696085289919793205e-03 -1.091568831978717916e-03 -4.727863688574337965e-04 -3.060613279640056261e-05 1.286225950258104733e-04 9.790998354486092582e-05 3.934600698989038211e-05 1.120379561352499045e-05 2.651753398637746250e-06 5.726113942479778599e-07 1.184271118360765078e-07
6.168513913881322530e+00 -2.510198293350876953e-03 -2.509953190447638226e-03 -2.509394896841606916e-03 -2.508127795779219182e-03 -2.505170436089189639e-03 -2.498004217257989226e-03 -2.479824284606382129e-03 -2.433455147237834938e-03 -2.321122836512143524e-03 -2.088574526157045176e-03 -1.694819551195044438e-03 -1.157340452963910495e-03 -5.765389641285673756e-04 -1.154629198858157405e-04 9.910778679528075381e-05 1.037332555239094497e-04 4.805838265312138084e-05 1.482725576110737862e-05 3.658839866890326921e-06 8.061935902939306443e-07 1.683048335643747973e-07
6.400879633493882892e+00 -2.353881911754859488e-03 -2.353676084012644356e-03 -2.353210886763902002e-03 -2.352147808059704397e-03 -2.349667064416880845e-03 -2.343670439759094112e-03 -2.328493332650530875e-03 -2.289549871828102431e-03 -2.195500499789885662e-03 -1.999305791800453595e-03 -1.662789320457213086e-03 -1.192204896449667196e-03 -6.603465641597392388e-04 -2.003514836122134875e-04 5.774006860827790572e-05 1.026502512066818003e-04 5.630476419472589322e-05 1.910076118324821078e-05 4.958742966063216462e-06 1.120311634132622227e-06 2.366419164545273776e-07
6.633245353106445030e+00 -2.186972681331922873e-03 -2.186801560353069003e-03 -2.186415053523110136e-03 -2.185532523257814261e-03 -2.183474770884609537e-03 -2.178501232952050667e-03 -2.165934599749133604e-03 -2.133561388124377654e-03 -2.055340212511230953e-03 -1.890927991499315739e-03 -1.605797923925863071e-03 -1.199048555764652049e-03 -7.218412674204689912e-04 -2.791008849066731190e-04 7.745797454630825985e-06 9.351053945224836511e-05 6.299429254685788679e-05 2.389078023832493425e-05 6.595578225036082019e-06 1.536903377980146636e-06 3.294263414910253907e-07
6.865611072719005392e+00 -2.015263609921139846e-03 -2.015122534981849019e-03 -2.014803768685733461e-03 -2.014075887702524489e-03 -2.012377954057472870e-03 -2.008272808053280286e-03 -1.997897262947438777e-03 -1.971187256781924396e-03 -1.906307831396711989e-03 -1.769433572792021439e-03 -1.529776808372091974e-03 -1.181824412183796582e-03 -7.608834869667836960e-04 -3.470772321236736328e-04 -4.629808236174217160e-05 7.615571793150914212e-05 6.692408145828517018e-05 2.893133323945798845e-05 8.596787918221693946e-06 2.080660326432125415e-06 4.541932122896873566e-07
7.097976792331567530e+00 -1.843321106389485525e-03 -1.843205515238879226e-03 -1.842944931063854276e-03 -1.842350532977973365e-03 -1.840964003716839175e-03 -1.837601525052221874e-03 -1.829088584856776055e-03 -1.807135649401109354e-03 -1.753616482684915850e-03 -1.640211936343706055e-03 -1.440045670702165938e-03 -1.145078740364769820e-03 -7.788945871912468250e-04 -4.013673357072739586e-04 -1.003303016531699145e-04 5.157076583459675723e-05 6.700342990642840411e-05 3.378715671222198228e-05 1.095609382359537369e-05 2.777356840022266387e-06 6.201880483240746566e-07
7.330342511944127892e+00 -1.674845059432966037e-03 -1.674750532713006976e-03 -1.674536560435509538e-03 -1.674047813161368007e-03 -1.672909048193169058e-03 -1.670157123184631571e-03 -1.663200215485230882e-03 -1.645224501367649689e-03 -1.601305888828473195e-03 -1.507726607365743017e-03 -1.341331996205233183e-03 -1.093151634275355217e-03 -7.783698859624923897e-04 -4.407628155218000802e-04 -1.504643928191326920e-04 2.162132529307917063e-05 6.247254522172721665e-05 3.787885661658253690e-05 1.361315942207518765e-05 3.650737966757424398e-06 8.383888783635554198e-07
7.562708231556688254e+00 -1.512510834143198203e-03 -1.512435915426839925e-03 -1.512266556321041058e-03 -1.511879157064147106e-03 -1.510970636465604547e-03 -1.508749368178935240e-03 -1.503073647404868816e-03 -1.488412830599698117e-03 -1.452440227700769202e-03 -1.375509482769116804e-03 -1.237827705383233315e-03 -1.030339501379096351e-03 -7.623781535211981118e-04 -4.654302301091795620e-04 -1.937701203093154985e-04 -1.106632322686093150e-05 5.313997724211160135e-05 4.054908803288366379e-05 1.644286387332897687e-05 4.716645878132980423e-06 1.121389081903872100e-06
7.795073951169250392e+00 -1.358426125219760810e-03 -1.358364662308406395e-03 -1.358225666754056494e-03 -1.357907744265054529e-03 -1.357164198225116556e-03 -1.355357936832876425e-03 -1.350744587785123818e-03 -1.338793336689719088e-03 -1.309458211784571106e-03 -1.246405488351166055e-03 -1.132900265973581103e-03 -9.603262355853596586e-04 -7.340728301491375842e-04 -4.764596490144098009e-04 -2.284774409546499248e-04 -4.400949190375533671e-05 3.946577769099696387e-05 4.115633540856115832e-05 1.922775426607420418e-05 5.977778703407595752e-06 1.482227824147259748e-06
8.027439670781811643e+00 -1.214418073026654480e-03 -1.214366758549087185e-03 -1.214250821198861567e-03 -1.213986059019281230e-03 -1.213368227417474000e-03 -1.211349133612691460e-03 -1.207632084392802141e-03 -1.197949530239267226e-03 -1.174010327102105672e-03 -1.122483112207164424e-03 -1.029218436297336297e-03 -8.863221484664956509e-04 -6.965653688704317135e-04 -4.756251078173788049e-04 -2.538659546105719424e-04 -7.478943744545207275e-05 2.245409469998864015e-05 3.923497484329527729e-05 2.167154333834522885e-05 7.409895050676307980e-06 1.934078960229186526e-06
8.259805390394372893e+00 -1.079993795847227541e-03 -1.079953007021725031e-03 -1.079860492330503166e-03 -1.079648418895548133e-03 -1.079155871846952750e-03 -1.077955383456373224e-03 -1.074557327658704929e-03 -1.066712877246327488e-03 -1.047274749715146466e-03 -1.005231964258201157e-03 -9.288033654732578493e-04 -8.109439877880005422e-04 -6.527326430278216881e-04 -4.650446483449892018e-04 -2.700091290294997950e-04 -1.016435223556603291e-04 3.518772486578373599e-06 3.459478377466505741e-05 2.342455297305427674e-05 8.954468199892244955e-06 2.486501151983748172e-06
8.492171110006932366e+00 -9.563537479034584128e-04 -9.563215863210460703e-04 -9.562486993438703946e-04 -9.560798260799985467e-04 -9.556753425942290416e-04 -9.546920079119953183e-04 -9.522365939585886608e-04 -9.455837962558303169e-04 -9.298841510307233717e-04 -8.956590091015779282e-04 -8.331672251370048510e-04 -7.362398157620166084e-04 -6.049965776783622915e-04 -4.467989917986808215e-04 -2.776242983849924652e-04 -1.234616882740693054e-04 -1.580788088320839985e-05 2.740269616893310832e-05 2.412000192005638494e-05 1.050972150235300925e-05 3.142550575197316491e-06
8.724536829619495393e+00 -8.434881695496119656e-04 -8.434610920368358286e-04 -8.433998577165973927e-04 -8.432570301293842649e-04 -8.429290209723153213e-04 -8.421519606643005718e-04 -8.402020149769584383e-04 -8.350611037757615365e-04 -8.220945719164382461e-04 -7.942496796580583674e-04 -7.433080889196659342e-04 -6.638216325079326257e-04 -5.553995617090301323e-04 -4.228997610380499797e-04 -2.778753732886781445e-04 -1.396742223150863752e-04 -3.414222965529778241e-05 1.815942245969629114e-05 2.348320628797123799e-05 1.192814487267647050e-05 3.894117550526799481e-06
8.956902549232054866e+00 -7.410404123218105850e-04 -7.410197986893216982e-04 -7.409732485544189310e-04 -7.408665398302762559e-04 -7.406159371349498510e-04 -7.400060601858813192e-04 -7.385356806714161657e-04 -7.344066526318098701e-04 -7.240179872824187724e-04 -7.013451698264222675e-04 -6.598407434227645087e-04 -5.948115364310145115e-04 -5.055555942815129775e-04 -3.952191247048134092e-04 -2.720952156252736884e-04 -1.503082011111706701e-04 -5.038128439703382707e-05 7.651656680788887022e-06 2.134943555975078462e-05 1.302741857730867229e-05 4.716126675044036324e-06
9.189268268844617893e+00 -6.489684949399853560e-04 -6.489520165468373085e-04 -6.489146764617222509e-04 -6.488294518262309072e-04 -6.486309266501041719e-04 -6.481461620094048585e-04 -6.468852095263305686e-04 -6.435537519049737724e-04 -6.352135491399302832e-04 -6.169005128702715127e-04 -5.831122419303760114e-04 -5.300079640605389556e-04 -4.566511084428714656e-04 -3.652784272398070312e-04 -2.615598614200012693e-04 -1.558290421828318142e-04 -6.375729607307371123e-05 -3.351495463300316981e-06 1.776433066178418612e-05 1.361364919522349158e-05 5.562377675713053411e-06
9.421633988457177367e+00 -5.665071801023700317e-04 -5.664942506501056659e-04 -5.664649844821774503e-04 -5.663979091197233551e-04 -5.662369919591771434e-04 -5.657620064555820899e-04 -5.647607257032384760e-04 -5.621462010932609882e-04 -5.553949260562709078e-04 -5.405473795767922526e-04 -5.131260975964814942e-04 -4.698660110011360818e-04 -4.097563668177946162e-04 -3.343650086723268960e-04 -2.475466140902669366e-04 -1.568279073986499062e-04 -7.392329517495086443e-05 -1.393450735623152137e-05 1.295068900685935863e-05 1.351675707311670710e-05 6.361996245499326838e-06
9.653999708069738617e+00 -4.929317895327562857e-04 -4.929212919005481180e-04 -4.928975210636230833e-04 -4.928430655740686063e-04 -4.927148313827981081e-04 -4.924009336573901587e-04 -4.915912780898501824e-04 -4.894491223878933133e-04 -4.840267242559329812e-04 -4.720474808554519890e-04 -4.498063394100074467e-04 -4.145903504327065614e-04 -3.654745700497052116e-04 -3.033925063176208981e-04 -2.311631846576405196e-04 -1.541215349234667791e-04 -8.089246174154388254e-05 -2.350482283975824461e-05 7.292169654494970973e-06 1.262787144702365775e-05 7.024209116863225729e-06
9.886365427682301643e+00 -4.277786160449586128e-04 -4.277703025069280415e-04 -4.277514683680861004e-04 -4.277082036488383580e-04 -4.276062967404253888e-04 -4.273556274351026567e-04 -4.267008587257004287e-04 -4.249788539425368092e-04 -4.205984358459276002e-04 -4.109213031526372890e-04 -3.928994121820672796e-04 -3.642837134510372573e-04 -3.242178466093990300e-04 -2.732599535308667129e-04 -2.134256652024267759e-04 -1.485018492774381905e-04 -8.479155939450765274e-05 -3.154298410860953482e-05 1.248134133852297261e-06 1.093597969626421247e-05 7.446491960580662513e-06
1.011873114729486289e+01 -3.702396227913929100e-04 -3.702332983359408894e-04 -3.702187431604426473e-04 -3.701852315944944845e-04 -3.701049682371068705e-04 -3.699061378023705670e-04 -3.693884672303479524e-04 -3.679957024934095021e-04 -3.644631830741528800e-04 -3.566413019518286558e-04 -3.420495745476484755e-04 -3.188165735932132149e-04 -2.861789873524382493e-04 -2.444676104791193528e-04 -1.950914381367236446e-04 -1.407978369276965394e-04 -8.603056029163492081e-05 -3.782013039359026702e-05 -4.726076942552708430e-06 8.526176325336355284e-06 7.532165234846138008e-06
1.035109686690742237e+01 -3.196710784177623512e-04 -3.196657658557883566e-04 -3.196542349077779619e-04 -3.196283930987254152e-04 -3.195677528989487371e-04 -3.194203863156888580e-04 -3.190207381794012771e-04 -3.178409719600858272e-04 -3.149952677008132740e-04 -3.086776652476392420e-04 -2.968587147760594629e-04 -2.780236959704574439e-04 -2.514461329249187437e-04 -2.173918724130298854e-04 -1.768428122239445945e-04 -1.316337531476693707e-04 -8.504556959016904005e-05 -4.225914895666335906e-05 -1.022045125487984130e-05 5.581153358856091571e-06 7.212205062047356025e-06
1.058346258651998362e+01 -2.751931464147122424e-04 -2.751896462016574616e-04 -2.751817357837295645e-04 -2.751636703992408760e-04 -2.751219795875821904e-04 -2.750146155326004416e-04 -2.747167669659458214e-04 -2.738596513578326827e-04 -2.715909872102229049e-04 -2.664669474646319579e-04 -2.569186353939261901e-04 -2.416413254857919504e-04 -2.200721792165592663e-04 -1.922813783398947434e-04 -1.590077846786528825e-04 -1.215960680860918785e-04 -8.231533744423966559e-05 -4.494271432050176736e-05 -1.493625397142344325e-05 2.341903744595923256e-06 6.457641042432596907e-06
1.081582830613254487e+01 -2.363758342986657559e-04 -2.363723714140778171e-04 -2.363645130930617198e-04 -2.363465170413780992e-04 -2.363051766573027134e-04 -2.362078478437059650e-04 -2.359711484325849025e-04 -2.353050060037440762e-04 -2.335206865577443586e-04 -2.294550974280188500e-04 -2.217520156884723046e-04 -2.093822071373755659e-04 -1.918707842243058464e-04 -1.692628474445148103e-04 -1.420421756216701671e-04 -1.111669130841950310e-04 -7.826692148239795387e-05 -4.610108104953007489e-05 -1.871063530756062010e-05 -9.360329441233819790e-07 5.298273101308937792e-06
1.104819402574510434e+01 -2.025203621347792279e-04 -2.025185889571384313e-04 -2.025145263110795905e-04 -2.025049073866801413e-04 -2.024809457540040279e-04 -2.024136424762400168e-04 -2.022233695453630790e-04 -2.016914749734305585e-04 -2.002943071871719977e-04 -1.970553561953491929e-04 -1.908632999601101278e-04 -1.809092867016154230e-04 -1.667081067591218374e-04 -1.483203753330635010e-04 -1.260996282999876259e-04 -1.007102013784950050e-04 -7.333565169961038901e-05 -4.590343504143681863e-05 -2.147857333562582861e-05 -4.015502433775726923e-06 3.813451847376442956e-06
1.128055974535766737e+01 -1.736369825163789000e-04 -1.736348118374757288e-04 -1.736298934003066021e-04 -1.736185959365240902e-04 -1.735919193567714964e-04 -1.735264619441396431e-04 -1.733551468638240632e-04 -1.728864156992641530e-04 -1.716919903803853066e-04 -1.688458132234611059e-04 -1.639136823109309140e-04 -1.558572324934323248e-04 -1.443834309936143495e-04 -1.294483067423386400e-04 -1.113342793700530396e-04 -9.052890808618750153e-05 -6.785205058606929630e-05 -4.468867898712518776e-05 -2.326672634650530174e-05 -6.727334487024602290e-06 2.128419206642675901e-06
1.151292546497022862e+01 -1.483249258065557654e-04 -1.483231717262827531e-04 -1.483191957189157386e-04 -1.483100662553867239e-04 -1.482883946341145311e-04 -1.482346535637653806e-04 -1.480944674544590204e-04 -1.477166875291376731e-04 -1.467521809481257529e-04 -1.445860496249233801e-04 -1.403973924904586767e-04 -1.339357324789179171e-04 -1.246788298870096995e-04 -1.125589238211861505e-04 -9.783231146868716713e-05 -8.080075275017473244e-05 -6.209888796530377189e-05 -4.268770782709616378e-05 -2.416813919420600305e-05 -8.946832279834055905e-06 3.705795454679731741e-07
