0.000000000000000000e+00 -4.605170185988090914e+00 -4.144653167389281911e+00 -3.684136148790473353e+00 -3.223619130191663906e+00 -2.763102111592854904e+00 -2.302585092994045457e+00 -1.842068074395236010e+00 -1.381551055796427230e+00 -9.210340371976181162e-01 -4.605170185988089471e-01 0.000000000000000000e+00 4.605170185988095022e-01 9.210340371976191154e-01 1.381551055796427674e+00 1.842068074395237121e+00 2.302585092994045901e+00 2.763102111592855348e+00 3.223619130191664794e+00 3.684136148790473353e+00 4.144653167389282800e+00 4.605170185988091802e+00
-2.407945608651872238e+00 2.572817627910820026e-01 2.570000388952555781e-01 2.565546224521269569e-01 2.558514005930562218e-01 2.547436454734428590e-01 2.530048261629872508e-01 2.502906436020541636e-01 2.460909732537555072e-01 2.396810405740189831e-01 2.301016905232988741e-01 2.162351992135170542e-01 1.970803317812198918e-01 1.722958683349654352e-01 1.428561098963633813e-01 1.112992074924712416e-01 8.105633711373735895e-02 5.511867793767540047e-02 3.501916024107105951e-02 2.075267321039449969e-02 1.135636194847911701e-02 5.564292487448709197e-03
-2.129528187179430265e+00 2.306890097290154873e-01 2.304656553904478045e-01 2.301123183922078042e-01 2.295539609415558346e-01 2.286731465345813452e-01 2.272874659935568142e-01 2.251170651879382534e-01 2.217412125040401916e-01 2.165485560838185108e-01 2.087014690240411308e-01 1.971677591857832201e-01 1.809192186256077250e-01 1.593976329303035122e-01 1.331806749502520149e-01 1.043779336617713938e-01 7.617834344176398209e-02 5.159837204412068279e-02 3.236202400320266348e-02 1.866769056145645145e-02 9.690238986400159793e-03 4.233268126098106883e-03
-1.851110765706988293e+00 1.981089732115000057e-01 1.979521793661638829e-01 1.977038777746754628e-01 1.973108528030051989e-01 1.966892493093466421e-01 1.957074261241158186e-01 1.941601158348020828e-01 1.917310673325708925e-01 1.879438183134715667e-01 1.821102768045473330e-01 1.733147103726232208e-01 1.605237246641134652e-01 1.429546036385712371e-01 1.207241313190158954e-01 9.541254354701954321e-02 6.986951607233619910e-02 4.709508953769929451e-02 2.902100894470337200e-02 1.609302025885055859e-02 7.663653438912682546e-03 2.632502652666276598e-03
-1.572693344234546098e+00 1.603915387252521640e-01 1.603056808712350900e-01 1.601693621662542144e-01 1.599527127895158940e-01 1.596078957605561455e-01 1.590579651390240379e-01 1.581785456629292708e-01 1.567680334295997457e-01 1.545008822794930459e-01 1.508627273689765735e-01 1.450868383767361380e-01 1.361683805219382482e-01 1.231131345114875736e-01 1.055427432027987028e-01 8.441364610267980406e-02 6.212725704730674009e-02 4.160559524871113024e-02 2.499305988396516298e-02 1.302279142233637131e-02 5.267323080931360542e-03 7.505927150465198372e-04
-1.294275922762104347e+00 1.191559154464431058e-01 1.191398285745096236e-01 1.191137087297870073e-01 1.190707608160858633e-01 1.189988732377613712e-01 1.188756358990886719e-01 1.186580616391960941e-01 1.182614913978227433e-01 1.175180981383164014e-01 1.161031080535513266e-01 1.134293656967040181e-01 1.085665810109415347e-01 1.003537545712467755e-01 8.790996634875448967e-02 7.152828542330223749e-02 5.303264252447341398e-02 3.517981280876302658e-02 2.030880678553080576e-02 9.473179051701013237e-03 2.506389089507024114e-03 -1.414998562331357254e-03
-1.015858501289662374e+00 7.670548625937176346e-02 7.675148082943789030e-02 7.682348042955303158e-02 7.693536275549879566e-02 7.710716601149901483e-02 7.736592329031294346e-02 7.774329770828887487e-02 7.826394747523342244e-02 7.891203359103042547e-02 7.955535780553410485e-02 7.980965169488481170e-02 7.887390462362672827e-02 7.549976521404939966e-02 6.838843730086467676e-02 5.709281629032918887e-02 4.278436857419423700e-02 2.794086990349729793e-02 1.505133711477380475e-02 5.495365434233732624e-03 -5.914573868971136159e-04 -3.852571355411540856e-03
-7.374410798172202908e-01 3.608598462242929017e-02 3.617979242660756406e-02 3.632744340231405800e-02 3.655889989862832340e-02 3.691939917580323166e-02 3.747515507426953107e-02 3.831802133774279279e-02 3.956321118719844515e-02 4.132619860303785725e-02 4.365276672747498560e-02 4.636973265186794535e-02 4.885914132872763715e-02 4.989339443778100652e-02 4.786601173221956274e-02 4.166656680370134369e-02 3.172522026082248009e-02 2.010561782027378563e-02 9.350699062272968543e-03 1.174847421921433035e-03 -3.975511081986442090e-03 -6.535105242215016527e-03
-4.590236583447783736e-01 4.564265903412823250e-04 5.791085181176821662e-04 7.725405572298023934e-04 1.076601043951138249e-03 1.552272403152054215e-03 2.290774171342874980e-03 3.423602563519250776e-03 5.128476078442314144e-03 7.617860655923146262e-03 1.108233073542207354e-02 1.554675448231140379e-02 2.061526028062886720e-02 2.519981834810023150e-02 2.756266423734914442e-02 2.606364620045238320e-02 2.037439525857543537e-02 1.201358994096850957e-02 3.445973870442295677e-03 -3.338375611845074368e-03 -7.546734847024078735e-03 -9.400405577685004566e-03
-1.806062368723362344e-01 -2.733853867264427959e-02 -2.720736782191585448e-02 -2.700034118489777132e-02 -2.667438327486337454e-02 -2.616314915939517427e-02 -2.536619918757758441e-02 -2.413577701358834288e-02 -2.226482554444042181e-02 -1.948739751113994292e-02 -1.551712307551417723e-02 -1.016860531717319292e-02 -3.626862858636851952e-03 3.304882420921399170e-03 8.938477536586721464e-03 1.131536204890211221e-02 9.421129496546788371e-03 4.121720212431386442e-03 -2.354009736793720876e-03 -7.815502508429912967e-03 -1.115761513372278205e-02 -1.235795360295102729e-02
9.781118460010564120e-02 -4.555559272191165437e-02 -4.543376442145834887e-02 -4.524133237464449814e-02 -4.493797802727342305e-02 -4.446126013709972291e-02 -4.371580967042210802e-02 -4.255925228114522396e-02 -4.078699951801781354e-02 -3.812396844420946895e-02 -3.424398651675486516e-02 -2.885808198384578679e-02 -2.192598496628855170e-02 -1.399667840487110737e-02 -6.483919708198082957e-03 -1.406448177713251046e-03 -2.980847379806258286e-04 -2.994917162691943836e-03 -7.635908029322516048e-03 -1.196897371757746006e-02 -1.460193590993863998e-02 -1.526671450886779927e-02
3.762286060725477110e-01 -5.378255364886661005e-02 -5.368233142793517321e-02 -5.352391550961576455e-02 -5.327391083006188799e-02 -5.288034555494804112e-02 -5.226323137063097063e-02 -5.130164301959404954e-02 -4.981817059205675968e-02 -4.756551789258573609e-02 -4.422980385197282371e-02 -3.948326064304406857e-02 -3.314010668502535839e-02 -2.545721250285289464e-02 -1.748042247244554342e-02 -1.104414068019905250e-02 -7.955786086149493203e-03 -8.703859045974697561e-03 -1.192088515224248163e-02 -1.543270402449694982e-02 -1.760853596081795799e-02 -1.793579078453829551e-02
6.546460275449897948e-01 -5.313789543384185576e-02 -5.306460653392566090e-02 -5.294868297152172110e-02 -5.276553669467385493e-02 -5.247672450193573840e-02 -5.202263180703303042e-02 -5.131204945352015045e-02 -5.020866084286700060e-02 -4.851580159115932711e-02 -4.596990614194218505e-02 -4.225899644597860133e-02 -3.713525438769807452e-02 -3.061977351101680123e-02 -2.336411567472946454e-02 -1.683775359420403364e-02 -1.286095710039864004e-02 -1.240630716131749418e-02 -1.471492895128110809e-02 -1.779879444965199592e-02 -1.986033971985678298e-02 -2.013517488933138158e-02
9.330634490174318785e-01 -4.586575998491738276e-02 -4.581860043432341850e-02 -4.574394765952076447e-02 -4.562585803398815087e-02 -4.543927175715670869e-02 -4.514500770511892247e-02 -4.468236405717673776e-02 -4.395853080618514208e-02 -4.283560014031208285e-02 -4.111831292083081846e-02 -3.855569555771443113e-02 -3.488910967022061660e-02 -3.000324367044625642e-02 -2.421312055723404827e-02 -1.855920044223743903e-02 -1.464891797024656279e-02 -1.374012595068175961e-02 -1.564051517714761669e-02 -1.870355018359435781e-02 -2.103435727632300273e-02 -2.160787957993185945e-02
1.211480870489874073e+00 -3.477890253644802532e-02 -3.475292700582229694e-02 -3.471176343500536471e-02 -3.464654813963092411e-02 -3.454322564308665716e-02 -3.437958945175868114e-02 -3.412066370618165034e-02 -3.371161824433666770e-02 -3.306767897140366896e-02 -3.206175956602066307e-02 -3.051542354421361500e-02 -2.821296368361194198e-02 -2.498534483642338155e-02 -2.091872987861703378e-02 -1.665104819244724726e-02 -1.345502363405588243e-02 -1.265723558445232093e-02 -1.454991978846615838e-02 -1.791443509156092490e-02 -2.086467969422015414e-02 -2.210072062727057307e-02
1.489898291962315602e+00 -2.252980678544778959e-02 -2.251862696761274332e-02 -2.250086660099713184e-02 -2.247262316967650608e-02 -2.242761191119680558e-02 -2.235565013284041003e-02 -2.224026581247978696e-02 -2.205437971564684976e-02 -2.175385972323216205e-02 -2.126699249793513255e-02 -2.048240631940861228e-02 -1.924461974144236337e-02 -1.740219808122277223e-02 -1.489909349146947837e-02 -1.208167781179218456e-02 -9.868125396099606400e-03 -9.484590550346736273e-03 -1.156916478108341653e-02 -1.538644901187045423e-02 -1.918441724660123818e-02 -2.140975859547938898e-02
1.768315713434757575e+00 -1.127127911432494051e-02 -1.126873914851700929e-02 -1.126505676748510050e-02 -1.125846994119145128e-02 -1.124772103561506170e-02 -1.122992527266374919e-02 -1.119989094460944502e-02 -1.114798180435180169e-02 -1.105601262060246052e-02 -1.088959664460373115e-02 -1.058693114047358150e-02 -1.004793139171391604e-02 -9.144579707450341266e-03 -7.797279150671032784e-03 -6.163027644682833768e-03 -4.857466784682323846e-03 -4.915232624498064654e-03 -7.156786804776341104e-03 -1.135482591798286575e-02 -1.602038603702391276e-02 -1.943077773908461273e-02
2.046733134907199769e+00 -2.216891813787672579e-03 -2.218401291526872574e-03 -2.220743553622748622e-03 -2.220320500767169070e-03 -2.225701190630504506e-03 -2.233487646573796385e-03 -2.244004178913444787e-03 -2.256395942466665489e-03 -2.266150909716860631e-03 -2.259851995528324494e-03 -2.205895930881476320e-03 -2.042834292498857483e-03 -1.678232841141731558e-03 -1.032252315444345770e-03 -1.663309933376181488e-04 5.155263289146976534e-04 1.884098623930483083e-04 -2.040351439700098524e-03 -6.336932625788887705e-03 -1.163925258879256776e-02 -1.620688364496606498e-02
2.325150556379641742e+00 4.115249402178331947e-03 4.112648443980161661e-03 4.108568257594386736e-03 4.102206083283372988e-03 4.092382241597055173e-03 4.077454500908407956e-03 4.055343863369999073e-03 4.023995700157412779e-03 3.982900372563472416e-03 3.936901041316631135e-03 3.903771114251586814e-03 3.924407564503754053e-03 4.041587922311505078e-03 4.374968087344839607e-03 4.882812559450498344e-03 5.294276815423379530e-03 4.963853365944029261e-03 3.030724002340800562e-03 -9.803168335077265538e-04 -6.493324642514535470e-03 -1.195767426979531083e-02
2.603567977852083271e+00 7.716167215828445732e-03 7.714057959663162163e-03 7.710748692401736548e-03 7.705579232015830754e-03 7.697583675671243811e-03 7.685434780641763573e-03 7.667448349687430373e-03 7.641958273886810711e-03 7.608496903818454289e-03 7.571029971811095091e-03 7.543820890954391553e-03 7.559186162160716135e-03 7.675580947052207913e-03 7.956878474809645288e-03 8.408857518718908589e-03 8.823028087578923401e-03 8.739506456269148515e-03 7.354278165927585591e-03 4.007256014731580378e-03 -1.194541963660710176e-03 -7.080379904920960574e-03
2.881985399324526131e+00 9.039690326229952305e-03 9.038654523362261647e-03 9.037038335099677883e-03 9.034540627239918617e-03 9.030751687045653064e-03 9.025164455096084531e-03 9.017293189847629814e-03 9.007122939052968416e-03 8.996256879362575162e-03 8.989724023779642470e-03 9.005833803001258783e-03 9.081026886600614828e-03 9.263970951437534504e-03 9.626841216924277717e-03 1.019010189454779003e-02 1.082829437654575164e-02 1.114244717903807406e-02 1.045809382821497220e-02 8.053548483443096970e-03 3.640437473131582797e-03 -2.091734973227241026e-03
3.160402820796967660e+00 8.660705303264236085e-03 8.660749052035940365e-03 8.660838400978696991e-03 8.661034196873746219e-03 8.661472071872343068e-03 8.662463054504330323e-03 8.664713036601661908e-03 8.670143210202508124e-03 8.683008037640986554e-03 8.712557341984610015e-03 8.774846518353874789e-03 8.915196277937222080e-03 9.189919416862733087e-03 9.667291074004626811e-03 1.039552971396301255e-02 1.129582312877453615e-02 1.207076141831615532e-02 1.214313268107024626e-02 1.079002432630460188e-02 7.496960014483663830e-03 2.470182345579817820e-03
3.438820242269410077e+00 7.157947621263215793e-03 7.158844424745507140e-03 7.160282493827952940e-03 7.162598499765199765e-03 7.166365894978488083e-03 7.172580435558965212e-03 7.183031639323261310e-03 7.200975576659747815e-03 7.232669991425699947e-03 7.290083515944186833e-03 7.395655450194042746e-03 7.598441206660611416e-03 7.934819440865329560e-03 8.510123176385735524e-03 9.380549494474024405e-03 1.050897616240312887e-02 1.168635093404992407e-02 1.244432870929794432e-02 1.210767332954723260e-02 1.007375530452951813e-02 6.153290544818277794e-03
3.717237663741851605e+00 5.061937561826757720e-03 5.063304114695440887e-03 5.065482965117599178e-03 5.068969575018844598e-03 5.074575741433072495e-03 5.083712397502912310e-03 5.098706545429176375e-03 5.123624812862978550e-03 5.165158320255464064e-03 5.237643244136224417e-03 5.386514805890031156e-03 5.611430872962737404e-03 5.984759485397127959e-03 6.620164580346608006e-03 7.565323899370732068e-03 8.838389053739729995e-03 1.029958332540521250e-02 1.159311209913515758e-02 1.214406623365635839e-02 1.130614761891804085e-02 8.671649526891863496e-03
3.995655085214293134e+00 2.763316502304535675e-03 2.765033037139434397e-03 2.767749605104114722e-03 2.772066953153881023e-03 2.778966138464707050e-03 2.790047100571400960e-03 2.808108587841254972e-03 2.837732733285049363e-03 2.886732507260225504e-03 2.968503029852850167e-03 3.106121249918199732e-03 3.340253201777773368e-03 3.743837260384133819e-03 4.381625334970046595e-03 5.342935691754304925e-03 6.669686149546417975e-03 8.282665366646230556e-03 9.926516211259471534e-03 1.114107016885146698e-02 1.132786697591414531e-02 9.960450404569788294e-03
4.274072506686736439e+00 5.398190557280381540e-04 5.415984959842446832e-04 5.444262227856041820e-04 5.489263654680969027e-04 5.561062860235210618e-04 5.675981251232019428e-04 5.860501187849656568e-04 6.161286757763424033e-04 6.653818801821589739e-04 7.471195264352834681e-04 8.844899547847701483e-04 1.111883231824029950e-03 1.491741331681040259e-03 2.108451418935270490e-03 3.031809508085803358e-03 4.331362182202001809e-03 5.972987889047859551e-03 7.792282489617587127e-03 9.432425731894390070e-03 1.038935871166435723e-02 1.012774665109292260e-02
4.552489928159177524e+00 -1.424685071659416219e-03 -1.422958611144742877e-03 -1.420220200237861915e-03 -1.415868482435847378e-03 -1.408952550576365740e-03 -1.397930326464683765e-03 -1.380432656847470092e-03 -1.352516954311285165e-03 -1.306697534339316610e-03 -1.230634345285254796e-03 -1.103882450369475261e-03 -8.947990463838068932e-04 -5.486159535036860737e-04 1.739109671296405326e-05 8.671429675183611090e-04 2.080182248179283412e-03 3.661852631807360932e-03 5.506581174632914875e-03 7.361422110501021805e-03 8.823118939732591676e-03 9.403901021845068389e-03
4.830907349631620384e+00 -3.040780048453491959e-03 -3.039242536315591488e-03 -3.036800688723479379e-03 -3.032918897469692645e-03 -3.026741197391004477e-03 -3.016852996556811019e-03 -3.000932256808099084e-03 -2.975414889424420409e-03 -2.934476981127513533e-03 -2.867604239020364425e-03 -2.756876891303791741e-03 -2.572091066947582768e-03 -2.268234274604185360e-03 -1.777033644809300050e-03 -1.010629216653177904e-03 7.886521394213635708e-05 1.531657380924556725e-03 3.293435056095725226e-03 5.189063528436885231e-03 6.921081651791843523e-03 8.082449193380233932e-03
5.109324771104061469e+00 -4.286031149432121233e-03 -4.284674816658765387e-03 -4.282524468522404260e-03 -4.279107351877077699e-03 -4.273663241115937574e-03 -4.264971570200407937e-03 -4.250993289097342205e-03 -4.228417498601683318e-03 -4.191679303706088294e-03 -4.131495827629311224e-03 -4.034345457525565122e-03 -3.874987287773356236e-03 -3.613008091494657355e-03 -3.191692772007093115e-03 -2.541176563843930338e-03 -1.590192874187427129e-03 -2.980478869805410587e-04 1.311220272296402967e-03 3.130485544392110943e-03 4.944267819880244878e-03 6.433506164035814739e-03
5.387742192576503442e+00 -5.157914034814283823e-03 -5.156787743025941471e-03 -5.155000088308383903e-03 -5.152157845497888806e-03 -5.147633437169583936e-03 -5.140411457024486076e-03 -5.128840660644551179e-03 -5.110223319676967732e-03 -5.080035741823539334e-03 -5.030757045800887672e-03 -4.949620984149508476e-03 -4.815564028295437650e-03 -4.595296710944814754e-03 -4.240633206091947056e-03 -3.690807776328274177e-03 -2.882310455950404075e-03 -1.763000115531533586e-03 -3.417589663087571895e-04 1.322225737126002170e-03 3.082888893269639021e-03 4.702042177804705014e-03
5.666159614048946302e+00 -5.692401445351610335e-03 -5.691464473731731172e-03 -5.689977057655487731e-03 -5.687611821849384956e-03 -5.683848177648444591e-03 -5.677843187635007484e-03 -5.668229031547807224e-03 -5.652761649018091944e-03 -5.627715099747968713e-03 -5.586837946383640605e-03 -5.519629410301468003e-03 -5.408659709171052300e-03 -5.226595978583564554e-03 -4.933145484723018559e-03 -4.486754990268734117e-03 -3.807642661592561088e-03 -2.865156482480917411e-03 -1.644967270752724711e-03 -1.772077605362628726e-04 1.443062434954065767e-03 3.048710254343217543e-03
5.944577035521387387e+00 -5.952822411089796727e-03 -5.952060120939308384e-03 -5.950850605828148648e-03 -5.948927506382022806e-03 -5.945867461069595343e-03 -5.940987598057040527e-03 -5.933174327289543817e-03 -5.920604872982113132e-03 -5.900257370235081206e-03 -5.867065933640990341e-03 -5.812507991939216273e-03 -5.722489259997368995e-03 -5.574508672983796882e-03 -5.335626574830847416e-03 -4.962521330302969991e-03 -4.407280622554759011e-03 -3.630673109153388645e-03 -2.604597212937075686e-03 -1.343891189054838677e-03 9.337924331575131064e-05 1.592872764049869981e-03
6.222994456993830248e+00 -5.985016351276182742e-03 -5.984406576407001396e-03 -5.983438897683652884e-03 -5.981899952727080978e-03 -5.979445823886830186e-03 -5.975531925131724771e-03 -5.969266126578615626e-03 -5.959197113822297352e-03 -5.942977609465509639e-03 -5.916504425901024031e-03 -5.872866954355882539e-03 -5.800664341573301408e-03 -5.681843040208156038e-03 -5.489713327488755963e-03 -5.188748345736928641e-03 -4.736284003601875202e-03 -4.098523784755531141e-03 -3.249549245084437567e-03 -2.192292807325377756e-03 -9.537761689959241718e-04 3.871575985790525420e-04
6.501411878466272221e+00 -5.840045217315703932e-03 -5.839559234817462592e-03 -5.838787709895980338e-03 -5.837561729997616834e-03 -5.835613299945989832e-03 -5.832507479490350866e-03 -5.827534805805391696e-03 -5.819541238565558924e-03 -5.806591432722725543e-03 -5.785462225391663563e-03 -5.750712328704030846e-03 -5.693292519344147519e-03 -5.598750648446678725e-03 -5.445706100545380859e-03 -5.205230108758452691e-03 -4.843463149726942758e-03 -4.325244603655466549e-03 -3.632815974441302130e-03 -2.756554812258174385e-03 -1.713196875095619829e-03 -5.490042098101762490e-04
6.779829299938713305e+00 -5.566775532337771455e-03 -5.566394334479661532e-03 -5.565789214839821086e-03 -5.564827059730447639e-03 -5.563297829157422443e-03 -5.560856837177535067e-03 -5.556951589538791994e-03 -5.550672089156762253e-03 -5.540519064699816511e-03 -5.523938164281742662e-03 -5.496448949841957823e-03 -5.451142286112130482e-03 -5.376490323447036777e-03 -5.255426099254895643e-03 -5.064251154635657226e-03 -4.776087042668004587e-03 -4.359838784660033557e-03 -3.801092889505775733e-03 -3.086714302461156332e-03 -2.223190724311301363e-03 -1.238138754762108237e-03
7.058246721411156166e+00 -5.225442254450186896e-03 -5.225128467853835425e-03 -5.224631967906792455e-03 -5.223844193661047325e-03 -5.222591892270222504e-03 -5.220597711542391411e-03 -5.217421407959667648e-03 -5.212389374915519201e-03 -5.204194268175576892e-03 -5.190789998734776645e-03 -5.168981155050546630e-03 -5.134679925339660431e-03 -5.057562086370549423e-03 -4.962150245183594155e-03 -4.811229133660728519e-03 -4.583270413515864311e-03 -4.255021455841014565e-03 -3.807650530569253126e-03 -3.227592119030620044e-03 -2.522796499919671524e-03 -1.704966030624027219e-03
7.336664142883597250e+00 -4.814751606743622285e-03 -4.814514436319212304e-03 -4.814139374942415922e-03 -4.813541967676780893e-03 -4.812599651684623669e-03 -4.811090203439505331e-03 -4.808759181270647921e-03 -4.805090447650324503e-03 -4.798825009216187328e-03 -4.788914128155074244e-03 -4.772638295240125804e-03 -4.745305979940822073e-03 -4.699155889575476648e-03 -4.602099848805604049e-03 -4.483878532969456064e-03 -4.304041534035024305e-03 -4.044602172452111191e-03 -3.689627761173978893e-03 -3.228437678361574178e-03 -2.659281696630922537e-03 -1.989644546900029651e-03
7.615081564356039223e+00 -4.353531850046556476e-03 -4.353353855056567995e-03 -4.353068735920423427e-03 -4.352615314260112507e-03 -4.351889941645822359e-03 -4.350723687212065816e-03 -4.348891316925678971e-03 -4.345921562690276303e-03 -4.341090066339905497e-03 -4.333236783704702555e-03 -4.320293361388199971e-03 -4.298865079714621860e-03 -4.263314450945480429e-03 -4.205068093211515069e-03 -4.112547196376173386e-03 -3.971929879436259837e-03 -3.767896592474185343e-03 -3.487328521099313482e-03 -3.121064198877288986e-03 -2.665337709071898681e-03 -2.123469602409633252e-03
7.893498985828482972e+00 -3.908042134267841229e-03 -3.907913229622487529e-03 -3.907679500665088221e-03 -3.907327375398966622e-03 -3.906765947129722284e-03 -3.905941111958313727e-03 -3.904489939685075982e-03 -3.902217996136271919e-03 -3.896646706002026509e-03 -3.890488645753119486e-03 -3.882615544480231586e-03 -3.866010279981007582e-03 -3.838501482746686615e-03 -3.793054412461976162e-03 -3.718966741184487248e-03 -3.608962544191077031e-03 -3.451422177334552421e-03 -3.231050298791642537e-03 -2.942014696562052570e-03 -2.579953863017002327e-03 -2.145647174861342946e-03
8.171916407300924945e+00 -3.472662937933531681e-03 -3.472536508647073705e-03 -3.472376246122723439e-03 -3.472084575025597732e-03 -3.471648508125644347e-03 -3.470959197379968730e-03 -3.469780325303974296e-03 -3.468119485097613097e-03 -3.465252682662147993e-03 -3.460583345363263744e-03 -3.453008822082521880e-03 -3.440219127097681774e-03 -3.418987476111631958e-03 -3.383931966969600923e-03 -3.328135994530861171e-03 -3.242687600481171471e-03 -3.118232046388127142e-03 -2.945782422919140768e-03 -2.718499635396492455e-03 -2.432309495200112373e-03 -2.087370656169809744e-03
8.450333828773365141e+00 -3.059090372120272950e-03 -3.059032348914669450e-03 -3.058874380332513802e-03 -3.058654244819043137e-03 -3.058264681336338685e-03 -3.057802842873024503e-03 -3.056931509465998179e-03 -3.055677126953837766e-03 -3.053543303347511315e-03 -3.049316407008402941e-03 -3.044082564024173324e-03 -3.034245569621790792e-03 -3.017182448482064617e-03 -2.990540830121034277e-03 -2.947354565676396036e-03 -2.881239091364078478e-03 -2.782227040132160580e-03 -2.649611420674187392e-03 -2.471610190248431111e-03 -2.246924134134332084e-03 -1.973979583381412894e-03
8.728751250245807114e+00 -2.672937850841961352e-03 -2.672760703707418011e-03 -2.672520584698999564e-03 -2.672924161831200483e-03 -2.672646444236752294e-03 -2.671446763922484795e-03 -2.671199418998437044e-03 -2.670788852005027188e-03 -2.668462989911900198e-03 -2.666294597750225228e-03 -2.661592842288767764e-03 -2.653850308991357373e-03 -2.641148803766492879e-03 -2.620483506119121713e-03 -2.587424348952965109e-03 -2.535847106196992967e-03 -2.460441438912374604e-03 -2.355843460094859173e-03 -2.216997659834518252e-03 -2.041066207567042781e-03 -1.826842198350363874e-03
9.007168671718249087e+00 -2.319601029870928342e-03 -2.319453234533119888e-03 -2.319421529132482951e-03 -2.318917914837113382e-03 -2.319523279051008413e-03 -2.318489246679476725e-03 -2.319455680930172705e-03 -2.319405314857481745e-03 -2.315147725226870349e-03 -2.314774910362005743e-03 -2.311546700166563009e-03 -2.304589868340298220e-03 -2.295365224081971894e-03 -2.279242362654077241e-03 -2.253499102773805478e-03 -2.213736665969774555e-03 -2.155413282437601205e-03 -2.074017455490682546e-03 -1.965977186195506324e-03 -1.828644113519832352e-03 -1.660981664656959855e-03
9.285586093190691059e+00 -2.014367027498506057e-03 -2.013423988972791109e-03 -2.012654617822257335e-03 -2.014276667015465604e-03 -2.010732360508614164e-03 -2.010463759027024920e-03 -2.018049137794109948e-03 -2.016434079969396664e-03 -2.016494570338569527e-03 -1.995084885619434392e-03 -2.014487242922600573e-03 -1.998854361577287637e-03 -1.998363177272424566e-03 -1.980669515275608646e-03 -1.964822698060017525e-03 -1.934569016660056496e-03 -1.873415592306736229e-03 -1.810308306782046003e-03 -1.726369369987797294e-03 -1.619456302967203646e-03 -1.487950514808533079e-03
9.564003514663134808e+00 -1.745860784170584273e-03 -1.745436644520507877e-03 -1.744071698580639115e-03 -1.742807054987939195e-03 -1.748404442033648027e-03 -1.747444964219531166e-03 -1.741129969770110249e-03 -1.740799863741363277e-03 -1.733101896980582170e-03 -1.753381727685723998e-03 -1.735038560067439636e-03 -1.736884947036721567e-03 -1.726890064686637579e-03 -1.700771914193754996e-03 -1.692219953371815536e-03 -1.670683987487575281e-03 -1.633339175330109734e-03 -1.582030874000976955e-03 -1.516071971859650177e-03 -1.419601057025476941e-03 -1.317378500508050495e-03
9.842420936135575005e+00 -1.483662680171148529e-03 -1.487699172180501506e-03 -1.486593165476599249e-03 -1.464739094838650663e-03 -1.456929278398209687e-03 -1.483183537522311714e-03 -1.462133313004351613e-03 -1.463069743057579444e-03 -1.462419743010606342e-03 -1.461109203533406424e-03 -1.473822755764644726e-03 -1.467754654609937153e-03 -1.464939547895644390e-03 -1.468280364286562913e-03 -1.452495788353345973e-03 -1.437789122305924584e-03 -1.409512847084728451e-03 -1.367531549710824124e-03 -1.317928634991544700e-03 -1.255982419046118440e-03 -1.177313385388822561e-03
1.012083835760801875e+01 -1.247395723117226138e-03 -1.242609303268336213e-03 -1.238087846719665430e-03 -1.248928158180217683e-03 -1.249575652866790091e-03 -1.227408524039731025e-03 -1.242816987994180711e-03 -1.250725705394649433e-03 -1.245683151698399318e-03 -1.280039671935852622e-03 -1.225737900354014615e-03 -1.247549356026569694e-03 -1.230103403516303673e-03 -1.233827353958805682e-03 -1.215947509467736653e-03 -1.202967347574802805e-03 -1.183394526415913837e-03 -1.153763490281524504e-03 -1.114442691968570327e-03 -1.064715667988589722e-03 -1.003291649691686422e-03
1.039925577908045717e+01 -1.047513131000679188e-03 -1.052281175753199067e-03 -1.056503764506847454e-03 -1.058636525626848422e-03 -1.032324106186110731e-03 -1.040745710227758804e-03 -1.174978940694082442e-03 -1.086784078698924691e-03 -9.796241054489689040e-04 -1.133031143441427194e-03 -1.110557603194503107e-03 -1.076779037283871884e-03 -1.038014777669588311e-03 -1.025224468597372421e-03 -1.032331720817474333e-03 -1.038168408792986127e-03 -1.002702244337405841e-03 -9.945015230214107518e-04 -9.613929026342743316e-04 -9.232392506428716526e-04 -8.790369735850014953e-04
1.067767320055290092e+01 -8.823314849843454143e-04 -9.080988269679384417e-04 -8.715863944905305602e-04 -8.346264585054985301e-04 -8.822118740628961042e-04 -8.462168034457007073e-04 -9.129252871841938297e-04 -1.060155375607262215e-03 -4.951330060239352883e-04 -9.517142945081598186e-04 -6.547434739755781351e-04 -9.887867885431641038e-04 -9.207134451872266883e-04 -8.566972625672755531e-04 -8.722820031287329984e-04 -8.594879323688430807e-04 -8.466470451123452425e-04 -8.290318465212806291e-04 -8.064381058880283051e-04 -7.766287078038321655e-04 -7.404040648721297571e-04
1.095609062202534467e+01 -7.640277952468034353e-04 -7.680465009059958114e-04 -7.664091606263818924e-04 -7.678908606051258138e-04 -7.552501960628463587e-04 -7.562249552657071420e-04 -7.614170396382971117e-04 -7.581460051881231668e-04 -7.678330608352227022e-04 -7.583246207720646106e-04 -7.548275767375569245e-04 -7.564767675368610665e-04 -7.503387728237956517e-04 -7.472600899194012684e-04 -7.464524046295332093e-04 -7.396233443831814938e-04 -7.389760261892834017e-04 -7.220567542092737020e-04 -7.086489984890299377e-04 -6.832957689421044305e-04 -6.553396935253738564e-04
1.123450804349778487e+01 -6.438726635667350656e-04 -6.435214402465041627e-04 -6.438377757071057222e-04 -6.428235118329266766e-04 -6.431660713181426093e-04 -6.394788644013659883e-04 1.734472789859788785e-05 1.207158854923288255e-03 -8.739345631706515365e-04 -6.415389730745099488e-04 -6.309311209711501375e-04 -6.270650705553551790e-04 -6.252080305477958821e-04 -6.220437805323871710e-04 -6.187200007606181431e-04 -6.195792025477805075e-04 -6.077625371068215562e-04 -6.006752369942051353e-04 -5.985767851592926946e-04 -5.775232080332991713e-04 -5.547073524123113421e-04
1.151292546497022862e+01 -5.322246293945215052e-04 -5.322360105777584546e-04 -5.322784093602917193e-04 -5.311795553600691345e-04 -5.294149519627232466e-04 -5.318100248921240258e-04 -5.298715083119149216e-04 -5.284698544123808510e-04 -5.202559907571684301e-04 -5.252288503109292864e-04 -5.201724276093970620e-04 -5.246857411657062775e-04 -5.191504348753864760e-04 -5.190910458989248053e-04 -5.146323863207112083e-04 -5.130972874570116551e-04 -5.083044522610287615e-04 -5.094241412850952430e-04 -4.983227625183969927e-04 -4.815784398508278280e-04 -4.664538430145247520e-04
