0.000000000000000000e+00 -4.605170185988090914e+00 -4.144653167389281911e+00 -3.684136148790473353e+00 -3.223619130191663906e+00 -2.763102111592854904e+00 -2.302585092994045457e+00 -1.842068074395236010e+00 -1.381551055796427230e+00 -9.210340371976181162e-01 -4.605170185988089471e-01 0.000000000000000000e+00 4.605170185988095022e-01 9.210340371976191154e-01 1.381551055796427674e+00 1.842068074395237121e+00 2.302585092994045901e+00 2.763102111592855348e+00 3.223619130191664794e+00 3.684136148790473353e+00 4.144653167389282800e+00 4.605170185988091802e+00
-2.407945608651872238e+00 2.258261189333234387e-01 2.255893546989880538e-01 2.252149145708570444e-01 2.246234866431388588e-01 2.236911890154003602e-01 2.222262007331321509e-01 2.199356697061417842e-01 2.163826985811757031e-01 2.109400815742722424e-01 2.027647930806854848e-01 1.908507769803696186e-01 1.742572294724555326e-01 1.525915805341990505e-01 1.266285558847281834e-01 9.859062690069438084e-02 7.158048676213692174e-02 4.835566335213661859e-02 3.036303886215861725e-02 1.763405690340974843e-02 9.308651107048270673e-03 4.238079383679299768e-03
-2.129528187179430265e+00 1.952846922204311553e-01 1.951120542511649569e-01 1.948387773163654246e-01 1.944065120198969210e-01 1.937235653066951002e-01 1.926466260455249324e-01 1.909537248454497571e-01 1.883064000378648906e-01 1.842026411568993827e-01 1.779343840029056489e-01 1.685925242505071642e-01 1.552146859678081858e-01 1.371847851360080139e-01 1.148559598975342905e-01 8.999172140288545785e-02 6.541920931080558166e-02 4.389575445172021889e-02 2.704415014041968573e-02 1.509779459452861156e-02 7.342250903248670121e-03 2.710776136127517489e-03
-1.851110765706988293e+00 1.585909977765777856e-01 1.584907214784227747e-01 1.583316339020204300e-01 1.580791070888382943e-01 1.576779543240294512e-01 1.570400548317573142e-01 1.560245197363186453e-01 1.544064870631618458e-01 1.518307007682872245e-01 1.477522192154599734e-01 1.413909631071413042e-01 1.317837190554136673e-01 1.180806148699860419e-01 1.001549695326196393e-01 7.921031697012564932e-02 5.770353749051237296e-02 3.834951777065136180e-02 2.296087454020642737e-02 1.201267080580935981e-02 4.973905271531368390e-03 8.856411854204959602e-04
-1.572693344234546098e+00 1.167929372056903115e-01 1.167689163960378002e-01 1.167302063099468212e-01 1.166672715977401659e-01 1.165636354169019145e-01 1.163899400074088902e-01 1.160922025964177123e-01 1.155686606371685021e-01 1.146260862118400059e-01 1.129061134221266416e-01 1.097893374796620192e-01 1.043464651415793865e-01 9.551005128768220998e-02 8.263977619460216584e-02 6.629146670868078794e-02 4.844740740476465718e-02 3.171847967420535902e-02 1.810809421539086653e-02 8.368572348667148442e-03 2.190277297324849225e-03 -1.251978481623020924e-03
-1.294275922762104347e+00 7.182294318629954544e-02 7.187273349402041600e-02 7.195060291292562638e-02 7.207142401825249178e-02 7.225650515113221650e-02 7.253416589438174689e-02 7.291300899906438815e-02 7.346232996972509866e-02 7.413188505990184196e-02 7.476379064658758566e-02 7.492892650712068559e-02 7.377906763540689750e-02 7.007799579631966702e-02 6.268468868057870680e-02 5.144662050028850353e-02 3.776635050565428642e-02 2.406643252468305960e-02 1.251998732338813203e-02 4.180456350686143248e-03 -1.006727940119265434e-03 -3.706615024495308469e-03
-1.015858501289662374e+00 2.642824673846578404e-02 2.654183810019874676e-02 2.672054998267675216e-02 2.700050948284483249e-02 2.743609169732354539e-02 2.810649418519981652e-02 2.912065810662980633e-02 3.061316489774429037e-02 3.271443264113723520e-02 3.546590917328162895e-02 3.864963802512346586e-02 4.155486975101357200e-02 4.286338308307750117e-02 4.100505587180024863e-02 3.511408041956762260e-02 2.591938310396718972e-02 1.555230496330481209e-02 6.290996278512786706e-03 -4.988241702653184798e-04 -4.590979169330470892e-03 -6.473363819311717636e-03
-7.374410798172202908e-01 -1.579513882380060782e-02 -1.563544876413639623e-02 -1.538377754783732364e-02 -1.498844542180416059e-02 -1.437066783760792762e-02 -1.341318342795180113e-02 -1.194832859658808387e-02 -9.752613241452913473e-03 -6.565536200431284705e-03 -2.167151770732870294e-03 3.440033033836228851e-03 9.738459932423596324e-03 1.544653003716475737e-02 1.870542615886769053e-02 1.800544444582816497e-02 1.334529021460324934e-02 6.434940941461854760e-03 -4.206829554581082700e-04 -5.575015231274339095e-03 -8.511129962340767061e-03 -9.518417114042854524e-03
-4.590236583447783736e-01 -5.107321107935471061e-02 -5.089069163497485920e-02 -5.060276062946062609e-02 -5.014977005327881515e-02 -4.944014958076393962e-02 -4.833602036118703205e-02 -4.663630707963454386e-02 -4.409022680330949157e-02 -4.029550551364437933e-02 -3.492310864274073695e-02 -2.777967871515411163e-02 -1.914973408680586270e-02 -1.014725111956237165e-02 -2.720638001709080843e-03 1.135248277008168733e-03 6.983194086119356081e-04 -2.864241895445827305e-03 -7.344409663534110996e-03 -1.087629929244820527e-02 -1.265722211433388533e-02 -1.278704740879484450e-02
-1.806062368723362344e-01 -7.618846960029343474e-02 -7.600787025499747274e-02 -7.572275446185067205e-02 -7.527366014745472123e-02 -7.456882135080403207e-02 -7.346887558540192431e-02 -7.176766707219604802e-02 -6.917335229420261411e-02 -6.530334495880960044e-02 -5.972466511921935978e-02 -5.209494802162278199e-02 -4.245912283081988009e-02 -3.165259541945567717e-02 -2.148850491762042958e-02 -1.420406707430105740e-02 -1.114196619332781177e-02 -1.176083274194796545e-02 -1.409278161132002279e-02 -1.615068010267531676e-02 -1.687416741241424406e-02 -1.617674582471813685e-02
9.781118460010564120e-02 -8.912804064448848207e-02 -8.897089349684102200e-02 -8.872263025032876838e-02 -8.833115456151335865e-02 -8.771568270284921254e-02 -8.675258143275893508e-02 -8.525748281397256545e-02 -8.296161143783845060e-02 -7.950023124397835594e-02 -7.443110765512958582e-02 -6.733078182723342686e-02 -5.803884125555953261e-02 -4.705290163134635828e-02 -3.585300758859216036e-02 -2.663640386028714654e-02 -2.116842420294055144e-02 -1.953863372562507708e-02 -2.017008991382051794e-02 -2.104816158080694000e-02 -2.092666390339181781e-02 -1.953951226748220846e-02
3.762286060725477110e-01 -8.976474934494538260e-02 -8.964521644778980503e-02 -8.945623603232159826e-02 -8.915788944500489810e-02 -8.868796464668567137e-02 -8.795047484356474654e-02 -8.679975365395950493e-02 -8.502072897059051448e-02 -8.231038474197822918e-02 -7.827639180943281316e-02 -7.249010816440595861e-02 -6.465613385490753817e-02 -5.494666022214111240e-02 -4.438947521277044478e-02 -3.487939165460816199e-02 -2.833877620636337039e-02 -2.540984659764376069e-02 -2.496933675431191671e-02 -2.513263891107231363e-02 -2.450404087924048721e-02 -2.266452562997708226e-02
6.546460275449897948e-01 -7.989254326111847049e-02 -7.981571892254249456e-02 -7.969413930110823274e-02 -7.950189537255175631e-02 -7.919834404414789752e-02 -7.872011756300725804e-02 -7.796947525476163876e-02 -7.679824314729073731e-02 -7.498915565921526749e-02 -7.223713412172405590e-02 -6.818371407049593491e-02 -6.247919107683298778e-02 -5.504584839215508757e-02 -4.644698524731424166e-02 -3.810373373927634921e-02 -3.182427243200108141e-02 -2.861806946701024243e-02 -2.788028162879760755e-02 -2.791707225585278104e-02 -2.724449849724432104e-02 -2.529741015229928711e-02
9.330634490174318785e-01 -6.273945937084862701e-02 -6.270239634938987172e-02 -6.264362186034211355e-02 -6.255038610462414217e-02 -6.240242320765378159e-02 -6.216751886542531969e-02 -6.179439434433205841e-02 -6.120179487809505187e-02 -6.026256078502302549e-02 -5.878457244062996329e-02 -5.649803706556605354e-02 -5.308593687871161759e-02 -4.832810676222961538e-02 -4.240622071736638993e-02 -3.622313754121323642e-02 -3.126241745755740237e-02 -2.871510015693943055e-02 -2.841245193396411961e-02 -2.894050066840327465e-02 -2.876402967492985852e-02 -2.714481834957432199e-02
1.211480870489874073e+00 -4.207650130339147393e-02 -4.207102516080061388e-02 -4.206217827126366993e-02 -4.207289971425856590e-02 -4.204894599470800076e-02 -4.200850073553394348e-02 -4.193846971328422935e-02 -4.181373041197031931e-02 -4.158568563913052352e-02 -4.116266994847866262e-02 -4.038373226563429091e-02 -3.900651575451408171e-02 -3.676912224980628113e-02 -3.360172756597810950e-02 -2.995977182871912767e-02 -2.693046443587791480e-02 -2.566168699171833545e-02 -2.634779516224669202e-02 -2.788574991321204205e-02 -2.871662185840225673e-02 -2.791082618332819260e-02
1.489898291962315602e+00 -2.147127879414960014e-02 -2.148728991440986696e-02 -2.151243048107286115e-02 -2.155169104483598344e-02 -2.161247074832136142e-02 -2.170525985068280650e-02 -2.184375469274163484e-02 -2.204295019990058779e-02 -2.231237154747149967e-02 -2.263915927743086892e-02 -2.295724532364574674e-02 -2.311180818451252783e-02 -2.286475981908115893e-02 -2.202336974722938004e-02 -2.072803970346260780e-02 -1.968456645359657753e-02 -1.990896051389082211e-02 -2.181586695364415296e-02 -2.464837037544593407e-02 -2.687622924368763752e-02 -2.734307649422193856e-02
1.768315713434757575e+00 -3.524493578394155991e-03 -3.552627717601707698e-03 -3.596958730017976551e-03 -3.666582114707189321e-03 -3.775344983873659983e-03 -3.943831052877107279e-03 -4.201412578067063690e-03 -4.587143213696147706e-03 -5.146413731640115535e-03 -5.917809978506058735e-03 -6.903298773757266145e-03 -8.023419835459883950e-03 -9.091002172769310080e-03 -9.879033414488385192e-03 -1.034849573470850680e-02 -1.091523021359511181e-02 -1.239984617814085706e-02 -1.539232104974756592e-02 -1.946553474641589745e-02 -2.324319038839008089e-02 -2.529265399271507161e-02
2.046733134907199769e+00 1.035445573798219644e-02 1.032144467178902451e-02 1.026937594976515093e-02 1.018747705632606915e-02 1.005922144724765398e-02 9.859758004661578132e-03 9.548055825687998613e-03 9.083843856818405588e-03 8.399633311333332478e-03 7.430123634819398720e-03 6.134083352221196897e-03 4.539361713022493049e-03 2.783629930458949176e-03 1.082632645176099433e-03 -4.413407076660381544e-04 -2.017176233678356478e-03 -4.299009949862759097e-03 -7.957530584968595250e-03 -1.292022648036458311e-02 -1.804499401619889115e-02 -2.176530389817609226e-02
2.325150556379641742e+00 1.971132745950876508e-02 1.967825526706317579e-02 1.962606885493025852e-02 1.954393335507487520e-02 1.941518016702035998e-02 1.921461895788088500e-02 1.890527494159462488e-02 1.843531175361120406e-02 1.773816289644199878e-02 1.674007092166523297e-02 1.538348207197434009e-02 1.366972783540565915e-02 1.170251205570183028e-02 9.647850092713178630e-03 7.713688775167051002e-03 5.751347068326694532e-03 3.234958003238458564e-03 -5.361097470762145843e-04 -5.801199120561718534e-03 -1.178885474503329686e-02 -1.696849615976428818e-02
2.603567977852083271e+00 2.481039531906381601e-02 2.477998644349554969e-02 2.473199516533547415e-02 2.465644338160707938e-02 2.453793691851477443e-02 2.435322016229938061e-02 2.406815594820919946e-02 2.363463636617455649e-02 2.298992143845514369e-02 2.206327624782776151e-02 2.079620720026488512e-02 1.918105775564935347e-02 1.730369578191254601e-02 1.534110975588238654e-02 1.345779966844593001e-02 1.157726902739258240e-02 9.314093003563412437e-03 5.949863228383690111e-03 1.004254948125682346e-03 -5.182477169239703418e-03 -1.131990888776873531e-02
2.881985399324526131e+00 2.641991224251749940e-02 2.639340055513151803e-02 2.635155791819663099e-02 2.628568037845385730e-02 2.618235754889634143e-02 2.602129785099344464e-02 2.577262977662514443e-02 2.539430900439077279e-02 2.483142012825790765e-02 2.402202316148208464e-02 2.289746564609480145e-02 2.148932489966174850e-02 1.985778624978838669e-02 1.817068381408004987e-02 1.659740470351294891e-02 1.515093414325544702e-02 1.343854628225497026e-02 1.085333542529388212e-02 6.743375906745774188e-03 1.027288966667829449e-03 -5.390737375853601326e-03
3.160402820796967660e+00 2.545072746110825165e-02 2.542839619276380386e-02 2.539315364166759223e-02 2.533767265691094089e-02 2.525067171601495450e-02 2.511504173062337197e-02 2.490567237980034071e-02 2.458723916642039167e-02 2.411409767428429954e-02 2.344883393476989916e-02 2.252229505525395192e-02 2.134941629621728287e-02 2.000836229851358367e-02 1.866221411111159897e-02 1.748839749012387479e-02 1.652685129051782026e-02 1.552666544018314887e-02 1.387806182006602260e-02 1.090428890553675305e-02 6.202650442522940691e-03 1.951048317428992257e-04
3.438820242269410077e+00 2.281568571720075586e-02 2.279725501951970074e-02 2.276816947488608314e-02 2.272238841063969200e-02 2.265061227874799396e-02 2.253878691987288088e-02 2.236626809506638350e-02 2.210416271462193119e-02 2.171525281246991165e-02 2.115859540423909932e-02 2.040361035098623571e-02 1.945746545570999075e-02 1.839768061090853515e-02 1.738264590150066444e-02 1.659980624627570983e-02 1.612721604314408530e-02 1.578253420474839269e-02 1.506428802052827212e-02 1.329945744578827325e-02 9.911763078706557414e-03 4.880176889577678839e-03
3.717237663741851605e+00 1.923865365796999238e-02 1.922358707299148817e-02 1.919981809029710704e-02 1.916241663984850560e-02 1.910379604678407589e-02 1.901252473721241551e-02 1.887190848928453277e-02 1.865867883780988890e-02 1.834296517335128746e-02 1.789126477363457007e-02 1.730441888796639335e-02 1.655339320159663480e-02 1.572937328171773383e-02 1.499464654559808097e-02 1.452659288892090353e-02 1.443191869348653573e-02 1.462407306356420210e-02 1.470557376054970090e-02 1.405550232646171453e-02 1.201613811105351100e-02 8.291393311857003096e-03
3.995655085214293134e+00 1.532917943677557585e-02 1.531705325658903362e-02 1.529792469120814721e-02 1.526783693446851463e-02 1.522071057515232001e-02 1.514736688784222053e-02 1.503445895556014544e-02 1.486352322125403594e-02 1.461007503293999983e-02 1.424711964621788902e-02 1.376242853500124833e-02 1.317075258417133542e-02 1.254434232863099741e-02 1.203566507436472539e-02 1.178616985475782267e-02 1.196865561157065168e-02 1.253530703559287834e-02 1.320288835787291302e-02 1.345051452572239639e-02 1.264464950719967201e-02 1.029663574519624689e-02
4.274072506686736439e+00 1.147253665884308445e-02 1.146274739296724784e-02 1.144730333190876505e-02 1.142298469820943185e-02 1.138488280770871310e-02 1.132561064585094548e-02 1.123473248145740247e-02 1.109733804882139831e-02 1.089481048619693471e-02 1.060875409803676943e-02 1.022448897059156057e-02 9.762141546364145120e-03 9.283647726770436273e-03 8.921976453427073531e-03 8.843383120032332831e-03 9.188301703260079792e-03 9.970174397362962029e-03 1.100330713171206176e-02 1.188467100168198558e-02 1.205652325608636347e-02 1.097435507334505733e-02
4.552489928159177524e+00 7.963702243766699121e-03 7.955846432414771449e-03 7.943455143857795775e-03 7.923956091084316533e-03 7.893405141581613660e-03 7.845883100107808872e-03 7.772743788501922969e-03 7.662183931473959958e-03 7.499325570812498225e-03 7.269134871698119948e-03 6.964341410550758948e-03 6.586232203740520139e-03 6.223325201521127080e-03 5.970492135586085748e-03 5.996146362472015018e-03 6.416183432851021301e-03 7.289944831065462566e-03 8.504359914909066440e-03 9.771963914539480434e-03 1.063264437533120894e-02 1.056553023551669301e-02
4.830907349631620384e+00 4.899327027049466161e-03 4.893023085810456647e-03 4.883077937048490441e-03 4.867439230165136396e-03 4.842980136997926226e-03 4.804917630703540304e-03 4.746334905697653650e-03 4.657672188687205471e-03 4.538404451741092673e-03 4.354586001411599704e-03 4.102694253387153753e-03 3.816061636992103961e-03 3.532637392743369440e-03 3.354410680600351195e-03 3.416370347085615194e-03 3.863532684156064517e-03 4.738646500878337074e-03 5.991557493506159335e-03 7.439340196402026602e-03 8.719923146906408129e-03 9.390775952856198969e-03
5.109324771104061469e+00 2.387177317993010705e-03 2.382114248806603204e-03 2.374122214572975485e-03 2.361552525788979898e-03 2.341871065450550939e-03 2.311252161426325183e-03 2.252143794786151676e-03 2.181406369122807724e-03 2.077202908768438754e-03 1.929622569226583382e-03 1.735242224468618076e-03 1.508579912692902718e-03 1.291305775609407833e-03 1.162710983257350499e-03 1.245269176985455391e-03 1.659107481982022812e-03 2.478465160235226571e-03 3.687942812451782976e-03 5.158664770664530760e-03 6.635246876582038753e-03 7.763440861031084030e-03
5.387742192576503442e+00 3.875533534493762200e-04 3.834856345212047627e-04 3.770749402999534891e-04 3.669928154194994048e-04 3.512107993726167857e-04 3.266758838474750925e-04 2.888945285249199446e-04 2.317733918643470473e-04 1.477034621552666981e-04 2.944038022214904291e-05 -1.255244489384069705e-04 -3.071061259121223323e-04 -4.797441750200069979e-04 -5.745882720702186848e-04 -4.907083903755129128e-04 -1.215570194042226153e-04 6.075039740613098153e-04 1.707059014237305699e-03 3.101479732927460778e-03 4.608982642351955664e-03 5.965428622706437679e-03
5.666159614048946302e+00 -1.124411528766806239e-03 -1.127688868204982904e-03 -1.132857960045676772e-03 -1.140987566536157604e-03 -1.153716420531004493e-03 -1.173507231575233230e-03 -1.203933078870202166e-03 -1.249886052552240737e-03 -1.317350621579164343e-03 -1.412330184197898089e-03 -1.536791037080709188e-03 -1.682546423067086830e-03 -1.819969486464895116e-03 -1.892116198483589267e-03 -1.815708092633312775e-03 -1.498534704006003167e-03 -8.708963828689344914e-04 9.212194168389536573e-05 1.347805927262558934e-03 2.779952542210638831e-03 4.196240094182866753e-03
5.944577035521387387e+00 -2.207486668284356062e-03 -2.210116757749180059e-03 -2.214264501577203892e-03 -2.220792589054186583e-03 -2.231017504123924099e-03 -2.246918129540599694e-03 -2.271366118302258104e-03 -2.308296000020195696e-03 -2.362549113005354886e-03 -2.438962186484712469e-03 -2.539327219757748968e-03 -2.656853546508746496e-03 -2.767752713209715738e-03 -2.821218198744833427e-03 -2.756178859364937905e-03 -2.492163567632580626e-03 -1.969505499229480538e-03 -1.149377352156810694e-03 -5.454076142420281219e-05 1.239897655700611433e-03 2.603292020409151905e-03
6.222994456993830248e+00 -2.931656847516948914e-03 -2.933769776524913948e-03 -2.937102174479132993e-03 -2.942343610855583606e-03 -2.950550244914049245e-03 -2.963312622343788980e-03 -2.982938259489819038e-03 -3.012599217784555933e-03 -3.056183417715592227e-03 -3.114967699551209231e-03 -3.195580491637923896e-03 -3.292940560382487652e-03 -3.382747012482382933e-03 -3.429614632000518425e-03 -3.373598399693783067e-03 -3.158481235083703681e-03 -2.725415416262385367e-03 -2.042557734548492310e-03 -1.117505111586650918e-03 1.313515329465289831e-05 1.255490161134474201e-03
6.501411878466272221e+00 -3.364034311080525176e-03 -3.365731251158910788e-03 -3.368407188414299265e-03 -3.372616078923232688e-03 -3.379208505683350527e-03 -3.389447879710457984e-03 -3.405209180690923782e-03 -3.429123634640681220e-03 -3.464293747689129593e-03 -3.513644171645068180e-03 -3.578327130857884061e-03 -3.654368280677055235e-03 -3.725689076157085323e-03 -3.764684217612951009e-03 -3.721666501279741017e-03 -3.549854125221581658e-03 -3.199323723446128101e-03 -2.640404464699526530e-03 -1.868519429643130661e-03 -9.080994937625322654e-04 1.836711797125610730e-04
6.779829299938713305e+00 -3.571500607402146830e-03 -3.572893324116815580e-03 -3.575089472438580922e-03 -3.578543813939188186e-03 -3.583953844482674293e-03 -3.592355927046348308e-03 -3.605243496531554317e-03 -3.618990893180836464e-03 -3.647077863904614817e-03 -3.686552853858126623e-03 -3.738598655475698120e-03 -3.800041169526959840e-03 -3.859231700358914819e-03 -3.891810057758011802e-03 -3.861370318756710083e-03 -3.726019769490052091e-03 -3.442400688162732935e-03 -2.990954030889587858e-03 -2.359453278778573648e-03 -1.560311803699469813e-03 -6.289751548222614983e-04
7.058246721411156166e+00 -3.598321168613540476e-03 -3.599462614494353292e-03 -3.601261389259707933e-03 -3.604090658902508841e-03 -3.608485246649880459e-03 -3.615282751516455881e-03 -3.625699300565715134e-03 -3.641393471367246164e-03 -3.664538811626625887e-03 -3.696929031269247448e-03 -3.739211659888155067e-03 -3.790492821856709330e-03 -3.841686243860325568e-03 -3.860935940246031008e-03 -3.838660577076147534e-03 -3.732703819526196013e-03 -3.510985504859490906e-03 -3.149807298711602022e-03 -2.636094946677540029e-03 -1.981611399680893292e-03 -1.204066558761213244e-03
7.336664142883597250e+00 -3.503377809191186507e-03 -3.504235272421292631e-03 -3.505584280979189091e-03 -3.507705865169124995e-03 -3.511024499340861804e-03 -3.516203078117124178e-03 -3.524190387910554768e-03 -3.536320133178249159e-03 -3.554239874082125526e-03 -3.579841356638576149e-03 -3.613819640634539660e-03 -3.653615279241908056e-03 -3.692721636748785147e-03 -3.716142724751687020e-03 -3.700385685686842421e-03 -3.618506306829214880e-03 -3.444653972372269286e-03 -3.158277324707147154e-03 -2.749825303932944796e-03 -2.219969666342992524e-03 -1.578000747079367312e-03
7.615081564356039223e+00 -3.322274260235358496e-03 -3.322964145957538022e-03 -3.324055747025652513e-03 -3.325772782107899554e-03 -3.328469856809758692e-03 -3.332683837573560768e-03 -3.339297813122471884e-03 -3.349109935799008883e-03 -3.363374115770582928e-03 -3.383827788273918637e-03 -3.410826439944012259e-03 -3.443037497732958935e-03 -3.474821541361589571e-03 -3.494758577275989750e-03 -3.484457044237996778e-03 -3.421485200563046357e-03 -3.285635362268917847e-03 -3.060116979400817703e-03 -2.735804692086353171e-03 -2.311222863399128163e-03 -1.793281918856141867e-03
7.893498985828482972e+00 -3.086608291064459660e-03 -3.087161510774480162e-03 -3.088029917364842024e-03 -3.089396512507730595e-03 -3.091532186204176778e-03 -3.094984525669566746e-03 -3.100069473090754941e-03 -3.107892787716577850e-03 -3.119499091345673183e-03 -3.135817641497790596e-03 -3.157654899630206891e-03 -3.183397792523768970e-03 -3.209218043564979975e-03 -3.225558753189351931e-03 -3.218813668355848586e-03 -3.170931360090636225e-03 -3.065317218184487966e-03 -2.888702886896546158e-03 -2.633106815790548904e-03 -2.295915691320396263e-03 -1.880144804592161168e-03
8.171916407300924945e+00 -2.820238411069317126e-03 -2.820673053924350766e-03 -2.821367355799874344e-03 -2.822446658159880051e-03 -2.824166801449973577e-03 -2.826853540646954988e-03 -2.830814013437057096e-03 -2.837038221825459970e-03 -2.846226556084023324e-03 -2.859247558575411276e-03 -2.876766256325817561e-03 -2.897461068900195492e-03 -2.918200571666831195e-03 -2.932196903434559562e-03 -2.927715873765610651e-03 -2.891687541329270462e-03 -2.810036055957041649e-03 -2.672505417730325090e-03 -2.471473379380408238e-03 -2.205366034300358831e-03 -1.874755024444517242e-03
8.450333828773365141e+00 -2.541515792457090233e-03 -2.541859623095946846e-03 -2.542411242725654743e-03 -2.543300756609151708e-03 -2.544607324683967591e-03 -2.546652848931401682e-03 -2.550036616286424987e-03 -2.554793128930319193e-03 -2.562117910080592958e-03 -2.571955236924883693e-03 -2.586429187492538754e-03 -2.602811492256609186e-03 -2.619627524881667450e-03 -2.631319127293713783e-03 -2.628982809891108798e-03 -2.599322025103008478e-03 -2.538733233509438830e-03 -2.431889871992054530e-03 -2.275325377643344898e-03 -2.066501340235005636e-03 -1.804745556521815354e-03
8.728751250245807114e+00 -2.260935818237060947e-03 -2.261187521261670986e-03 -2.261565321531636055e-03 -2.262488724689694971e-03 -2.263671979578520815e-03 -2.264828837312476278e-03 -2.270149181084015356e-03 -2.274520945063343048e-03 -2.279572928519578608e-03 -2.286023320501365339e-03 -2.296139774021968907e-03 -2.312583481439818133e-03 -2.325972303984069189e-03 -2.335690615681139826e-03 -2.334555082091976756e-03 -2.313903573735654872e-03 -2.265794630287157330e-03 -2.183304922718974205e-03 -2.061175588122063362e-03 -1.897925803590970418e-03 -1.692105907861204354e-03
9.007168671718249087e+00 -1.995762207645307082e-03 -1.996070542424410905e-03 -1.996398735237250779e-03 -1.996829994590095057e-03 -1.998155803890112620e-03 -1.998899386387565768e-03 -2.002050691976991776e-03 -2.005802202777750860e-03 -2.007670179770390875e-03 -2.013815485826425059e-03 -2.022582905978648204e-03 -2.034205932384502372e-03 -2.045830915833930178e-03 -2.053349541497734125e-03 -2.053052108642713404e-03 -2.037872481437325804e-03 -1.998875451300905718e-03 -1.937122904565410746e-03 -1.842624510797261648e-03 -1.715455377589212562e-03 -1.553982210180577129e-03
9.285586093190691059e+00 -1.763993271830985830e-03 -1.763525985602313467e-03 -1.763468245274406277e-03 -1.765136962714299170e-03 -1.764301111540596224e-03 -1.765507875671648401e-03 -1.767246083538210732e-03 -1.773329026933781949e-03 -1.779114058690909380e-03 -1.775298485364451779e-03 -1.785696916374721575e-03 -1.801804441653011421e-03 -1.803932716691237451e-03 -1.808096538363841493e-03 -1.790434840308477351e-03 -1.779074477861946691e-03 -1.750898364367063078e-03 -1.701952482414013750e-03 -1.626801245607521502e-03 -1.529186112289398353e-03 -1.403797653669200830e-03
9.564003514663134808e+00 -1.524036098294742885e-03 -1.524271006505093558e-03 -1.517607666535887708e-03 -1.523201789456441477e-03 -1.534539379907134092e-03 -1.532307080086659857e-03 -1.533086533806139609e-03 -1.515389729505073118e-03 -1.521466868965757604e-03 -1.555130982904409827e-03 -1.531658608974709830e-03 -1.557364796280115947e-03 -1.563292545044202026e-03 -1.567806688174187271e-03 -1.573557052548354941e-03 -1.567254015591868204e-03 -1.534215737112762552e-03 -1.497076280147210297e-03 -1.438693533857417911e-03 -1.348879320826106443e-03 -1.250839303111414124e-03
9.842420936135575005e+00 -1.319529813063502217e-03 -1.328427033518901059e-03 -1.338552352504621210e-03 -1.343947143219656687e-03 -1.301646286861456517e-03 -1.318412701704786433e-03 -1.328417164353193087e-03 -1.313334974081791775e-03 -1.326742632372482833e-03 -1.283428087287687798e-03 -1.332135638402681763e-03 -1.320231707726140982e-03 -1.339152509325409459e-03 -1.349450238829255503e-03 -1.351401565363083727e-03 -1.344749564801797246e-03 -1.329420451149166847e-03 -1.300095170862985896e-03 -1.255868613017300161e-03 -1.199438079311137238e-03 -1.124014039481365012e-03
1.012083835760801875e+01 -1.114663410923522318e-03 -1.116826418000379335e-03 -1.115456938624459320e-03 -1.122893296136609183e-03 -1.124623277529173196e-03 -1.107179552786389165e-03 -1.118950644627924023e-03 -1.131271332591691483e-03 -1.124254402015662391e-03 -1.164238852361514217e-03 -1.115359116094337497e-03 -1.159811309496190570e-03 -1.133098864158467792e-03 -1.146684024512107649e-03 -1.138310240407665796e-03 -1.135161794736848579e-03 -1.122526118525429047e-03 -1.100867952509988366e-03 -1.067141187649585507e-03 -1.020999726411454291e-03 -9.621723613948066208e-04
1.039925577908045717e+01 -9.794604607598965222e-04 -9.773434772550669385e-04 -9.797025262707453452e-04 -9.839027599828444916e-04 -9.760378009548930332e-04 -9.606026786027977230e-04 -1.080687649344530283e-03 -9.663224172617259668e-04 -8.855761316811294401e-04 -1.040536355164023733e-03 -1.024900269759729558e-03 -9.974071300062029195e-04 -9.624271652522805752e-04 -9.583041161115204553e-04 -9.708457509335419308e-04 -9.659990438297285211e-04 -9.558600868361871120e-04 -9.392446058647981044e-04 -9.260967251906946631e-04 -8.903483967683218725e-04 -8.431764518998021438e-04
1.067767320055290092e+01 -8.059046109494074663e-04 -8.316333750243785471e-04 -7.929188721547162722e-04 -7.581409718584171224e-04 -8.026357098006574884e-04 -7.737041857046291415e-04 -8.396559315778948183e-04 -9.882254006490173454e-04 -4.174307473128988934e-04 -8.657039452069692281e-04 -5.820663225113434846e-04 -9.274766769389032562e-04 -8.577823190528260098e-04 -7.993409131603301755e-04 -8.207210369580549480e-04 -8.171341711864219849e-04 -8.103290144994861792e-04 -7.969650571034157024e-04 -7.776455131120456766e-04 -7.500747242319201914e-04 -7.149567793711279545e-04
1.095609062202534467e+01 -6.964762981639087283e-04 -6.972981295887571013e-04 -6.971039701339304612e-04 -6.964624495834751718e-04 -6.900007408011864197e-04 -6.820250914691560916e-04 -6.912155972558737876e-04 -6.836962482612970668e-04 -6.841612047034822171e-04 -7.048225747143408099e-04 -6.920608548534994955e-04 -7.072004709782555871e-04 -7.130370135289119558e-04 -7.112657876481075312e-04 -7.069791164167216896e-04 -7.039642459059509408e-04 -7.019931879691631692e-04 -6.909438538535728766e-04 -6.887373429036653446e-04 -6.645566056593709206e-04 -6.357989846584294726e-04
1.123450804349778487e+01 -5.832929660731511756e-04 -5.832361660609303037e-04 -5.834644517521934970e-04 -5.833766436600213660e-04 -5.828354180723264045e-04 -5.833572798813931861e-04 -5.832399099528180015e-04 -5.840524669842856028e-04 -5.891752036885146730e-04 -5.886631960351579535e-04 -5.888760297917113116e-04 -5.828016523849813019e-04 -5.837435922804397109e-04 -5.951023032183125686e-04 -5.895443198952531961e-04 -5.866850662821904410e-04 -5.849996591768080820e-04 -5.792951407193851080e-04 -5.762135497750069937e-04 -5.589822905246959574e-04 -5.391128040601634057e-04
1.151292546497022862e+01 -4.917572247052760890e-04 -4.921217311327765950e-04 -4.920420401282213189e-04 -4.920785297644729179e-04 -4.920314439076372984e-04 -4.935938208203441641e-04 -4.909433054380374709e-04 -4.811588240389184576e-04 -4.946803195469357331e-04 -4.885160796586609979e-04 -4.882695257280240454e-04 -4.983977756250597630e-04 -4.984627772855657448e-04 -4.996344173409203882e-04 -4.969779763003325792e-04 -4.859699969596867298e-04 -4.844396083782231532e-04 -4.806004359902754848e-04 -4.711297715355328717e-04 -4.667053466811304564e-04 -4.542925947432984671e-04
